gisdata/paricatuba/disttowater.asc
ncols         612
nrows         600
xllcorner     735395.55511475
yllcorner     -159034.80108643
cellsize      5
NODATA_value  -9999
[rows 87 to 115 of 600, columns 195 to 259 of 612]
202.4846 199.8124 197.2308 194.7434 192.3538 190.0658 187.8829 185.809 183.8478 182.0027 180.2776 178.6757 177.2005 175.8551 173.5656 169.8529 166.2077 162.6346 159.1383 155.5635 152.0691 148.4924 145 141.4214 137.9311 134.5362 131.244 128.0625 125 122.0656 119.2686 116.619 114.1271 111.8034 109.6586 107.3546 105.119 102.9563 100.6231 98.48858 96.17692 93.94147 91.7878 89.44272 87.32124 85.44004 83.81527 82.46211 80.77747 79.05694 77.62087 76.15773 74.33035 72.8011 71.5891 70.71068 70.17834 70 70 70 70 70 70 70 70
198.3053 195.5761 192.9378 190.3943 187.9495 185.6071 183.3712 181.2457 179.2345 177.3415 175.5705 173.9253 172.4094 171.0263 169.7793 166.5083 162.7882 159.1383 155.5635 152.0691 148.4924 145 141.4214 137.9311 134.3503 130.8625 127.4755 124.1974 121.0372 118.0042 115.1086 112.361 109.7725 107.3546 105.119 102.9563 100.6231 98.48858 96.17692 93.94147 91.7878 89.44272 87.32124 85 82.76472 80.77747 79.05694 77.62087 76.15773 74.33035 72.8011 71.5891 69.64194 68.00735 66.70832 65.76473 65.19202 65 65 65 65 65 65 65 65
194.1649 191.3766 188.6796 186.0779 183.5756 181.1767 178.8854 176.706 174.6425 172.6992 170.8801 169.1892 167.6305 166.2077 164.9242 163.2483 159.4522 155.7241 152.0691 148.4924 145 141.4214 137.9311 134.3503 130.8625 127.2792 123.7942 120.4159 117.1537 114.0175 111.018 108.1665 105.4751 102.9563 100.6231 98.48858 96.17692 93.94147 91.7878 89.44272 87.32124 85 82.76472 80.62257 78.26238 76.15773 74.33035 72.8011 71.5891 69.64194 68.00735 66.70832 65 63.24555 61.84658 60.82763 60.20797 60 60 60 60 60 60 60 60
190.0658 187.2164 184.4587 181.7966 179.2345 176.7767 174.4276 172.1918 170.0735 168.0774 166.2077 164.4688 162.865 161.4001 160.0781 158.8238 156.205 152.3975 148.6607 145 141.4214 137.9311 134.3503 130.8625 127.2792 123.7942 120.2082 116.7262 113.3578 110.1136 107.0047 104.0433 101.2423 98.61542 96.17692 93.94147 91.7878 89.44272 87.32124 85 82.76472 80.62257 78.26238 76.15773 73.82411 71.5891 69.64194 68.00735 66.70832 65 63.24555 61.84658 60.41523 58.5235 57.00877 55.9017 55.22681 55 55 55 55 55 55 55 55
186.0108 183.0983 180.2776 177.5528 174.9286 172.4094 170 167.7051 165.5294 163.4778 161.5549 159.7655 158.1139 156.6046 155.2417 154.0292 152.0691 149.1643 145.3444 141.598 137.9311 134.3503 130.8625 127.2792 123.7942 120.2082 116.7262 113.1371 109.6586 106.3015 103.0776 100 97.08244 94.33981 91.7878 89.44272 87.32124 85 82.76472 80.62257 78.26238 76.15773 73.82411 71.5891 69.46222 67.08204 65 63.24555 61.84658 60.41523 58.5235 57.00877 55.9017 53.85165 52.20153 50.9902 50.24938 50 50 50 50 50 50 50 50
181.7966 179.0251 176.1391 173.3494 170.6605 168.0774 165.6049 163.2483 161.0124 158.9025 156.9236 155.0806 153.3786 151.8223 150.4161 149.1643 147.6482 145.3444 142.1267 138.2932 134.5362 130.8625 127.2792 123.7942 120.2082 116.7262 113.1371 109.6586 106.066 102.5914 99.24717 96.04687 93.00538 90.13878 87.46428 85 82.76472 80.62257 78.26238 76.15773 73.82411 71.5891 69.46222 67.08204 65 62.64982 60.41523 58.5235 57.00877 55.9017 53.85165 52.20153 50.9902 49.24429 47.43417 46.09772 45.27692 45 45 45 45 45 45 45 45
177.5528 174.9286 172.0465 169.1892 166.4332 163.7834 161.2451 158.8238 156.5248 154.3535 152.3155 150.4161 148.6607 147.0544 145.6022 144.3087 143.1782 140.89 138.6543 135.0926 131.244 127.4755 123.7942 120.2082 116.7262 113.1371 109.6586 106.066 102.5914 98.99495 95.52486 92.19544 89.02247 86.02325 83.21658 80.62257 78.26238 76.15773 73.82411 71.5891 69.46222 67.08204 65 62.64982 60.41523 58.30952 55.9017 53.85165 52.20153 50.9902 49.24429 47.43417 46.09772 44.72136 42.72002 41.23106 40.31129 40 40 40 40 40 40 40 40
173.3494 170.6605 168.003 165.0757 162.2498 159.5306 156.9236 154.4344 152.0691 149.8332 147.7329 145.7738 143.9618 142.3025 140.8013 139.4633 138.2932 136.4734 134.1641 132.0038 128.0625 124.1974 120.4159 116.7262 113.1371 109.6586 106.066 102.5914 98.99495 95.52486 91.92388 88.45903 85.14693 82.0061 79.05694 76.32169 73.82411 71.5891 69.46222 67.08204 65 62.64982 60.41523 58.30952 55.9017 53.85165 51.47815 49.24429 47.43417 46.09772 44.72136 42.72002 41.23106 40.31129 38.07887 36.40055 35.35534 35 35 35 35 35 35 35 35
169.1892 166.4332 163.7834 161.0124 158.1139 155.3223 152.6434 150.0833 147.6482 145.3444 143.1782 141.1559 139.2839 137.5682 136.0147 134.6291 133.4166 132.0984 129.7112 127.4755 125 121.0372 117.1537 113.3578 109.6586 106.066 102.5914 98.99495 95.52486 91.92388 88.45903 84.85281 81.3941 78.10249 75 72.11102 69.46222 67.08204 65 62.64982 60.41523 58.30952 55.9017 53.85165 51.47815 49.24429 47.16991 44.72136 42.72002 41.23106 40.31129 38.07887 36.40055 35.35534 33.54102 31.62278 30.41381 30 30 30 30 30 30 30 30
165.0757 162.2498 159.5306 156.9236 154.0292 151.1622 148.4082 145.7738 143.2655 140.89 138.6543 136.565 134.6291 132.8533 131.244 129.8076 128.5496 127.4755 125.2996 122.9837 120.8305 118.0042 114.0175 110.1136 106.3015 102.5914 98.99495 95.52486 91.92388 88.45903 84.85281 81.3941 77.78175 74.33035 71.06335 68.00735 65.19202 62.64982 60.41523 58.30952 55.9017 53.85165 51.47815 49.24429 47.16991 44.72136 42.72002 40.31129 38.07887 36.40055 35.35534 33.54102 31.62278 30.41381 29.15476 26.92582 25.4951 25 25 25 25 25 25 25 25
161.0124 158.1139 155.3223 152.6434 150 147.0544 144.222 141.5097 138.9244 136.4734 134.1641 132.0038 130 128.16 126.4911 125 123.6932 122.5765 120.8305 118.5327 116.297 114.2366 111.018 107.0047 103.0776 99.24717 95.52486 91.92388 88.45903 84.85281 81.3941 77.78175 74.33035 70.71068 67.26812 64.03124 61.03278 58.30952 55.9017 53.85165 51.47815 49.24429 47.16991 44.72136 42.72002 40.31129 38.07887 36.05551 33.54102 31.62278 30.41381 29.15476 26.92582 25.4951 25 22.36068 20.61553 20 20 20 20 20 20 20 20
157.0032 154.0292 151.1622 148.4082 145.7738 143.0035 140.0893 137.2953 134.6291 132.0984 129.7112 127.4755 125.3994 123.4909 121.758 120.2082 118.8486 117.686 116.297 114.1271 111.8034 109.6586 107.7033 104.0433 100 96.04687 92.19544 88.45903 84.85281 81.3941 77.78175 74.33035 70.71068 67.26812 63.63961 60.20797 57.00877 54.08327 51.47815 49.24429 47.16991 44.72136 42.72002 40.31129 38.07887 36.05551 33.54102 31.62278 29.15476 26.92582 25.4951 25 22.36068 20.61553 20 18.02776 15.81139 15 15 15 15 15 15 15 15
153.0523 150 147.0544 144.222 141.5097 138.9244 136.0147 133.1353 130.384 127.7693 125.2996 122.9837 120.8305 118.8486 117.047 115.434 114.0175 112.8051 111.8034 109.6586 107.3546 105.119 103.0776 101.2423 97.08244 93.00538 89.02247 85.14693 81.3941 77.78175 74.33035 70.71068 67.26812 63.63961 60.20797 56.56854 53.15073 50 47.16991 44.72136 42.72002 40.31129 38.07887 36.05551 33.54102 31.62278 29.15476 26.92582 25 22.36068 20.61553 20 18.02776 15.81139 15 14.14214 11.18034 10 10 10 10 10 10 10 10
149.1643 146.0308 143.0035 140.0893 137.2953 134.6291 132.0038 129.0349 126.1943 123.4909 120.9339 118.5327 116.297 114.2366 112.361 110.6797 109.2016 107.9352 106.8878 105.119 102.9563 100.6231 98.48858 96.56604 94.33981 90.13878 86.02325 82.0061 78.10249 74.33035 70.71068 67.26812 63.63961 60.20797 56.56854 53.15073 49.49747 46.09772 43.01163 40.31129 38.07887 36.05551 33.54102 31.62278 29.15476 26.92582 25 22.36068 20.61553 18.02776 15.81139 15 14.14214 11.18034 10 10 7.071068 5 5 5 5 5 5 5 5
145.3444 142.1267 139.0144 136.0147 133.1353 130.384 127.7693 125 122.0656 119.2686 116.619 114.1271 111.8034 109.6586 107.7033 105.9481 104.4031 103.0776 101.9804 100.6231 98.48858 96.17692 93.94147 91.92388 90.13878 87.46428 83.21658 79.05694 75 71.06335 67.26812 63.63961 60.20797 56.56854 53.15073 49.49747 46.09772 42.42641 39.05125 36.05551 33.54102 31.62278 29.15476 26.92582 25 22.36068 20.61553 18.02776 15.81139 14.14214 11.18034 10 10 7.071068 5 5 5 0 0 0 0 0 0 0 0
141.598 138.2932 135.0926 132.0038 129.0349 126.1943 123.4909 120.9339 118.0042 115.1086 112.361 109.7725 107.3546 105.119 103.0776 101.2423 99.62429 98.23441 97.08244 96.17692 93.94147 91.7878 89.44272 87.32124 85.44004 83.81527 80.62257 76.32169 72.11102 68.00735 64.03124 60.20797 56.56854 53.15073 49.49747 46.09772 42.42641 39.05125 35.35534 32.01562 29.15476 26.92582 25 22.36068 20.61553 18.02776 15.81139 14.14214 11.18034 10 7.071068 5 5 5 0 0 0 0 0 0 0 0 0 0 0
137.9311 134.5362 131.244 128.0625 125 122.0656 119.2686 116.619 114.0175 111.018 108.1665 105.4751 102.9563 100.6231 98.48858 96.56604 94.86833 93.40771 92.19544 91.24144 89.44272 87.32124 85 82.76472 80.77747 79.05694 77.62087 73.82411 69.46222 65.19202 61.03278 57.00877 53.15073 49.49747 46.09772 42.42641 39.05125 35.35534 32.01562 28.28427 25 22.36068 20.61553 18.02776 15.81139 14.14214 11.18034 10 7.071068 5 5 0 0 0 0 0 0 0 0 0 0 0 0 0 0
134.3503 130.8625 127.4755 124.1974 121.0372 118.0042 115.1086 112.361 109.7725 107.0047 104.0433 101.2423 98.61542 96.17692 93.94147 91.92388 90.13878 88.60023 87.32124 86.31339 85 82.76472 80.62257 78.26238 76.15773 74.33035 72.8011 71.5891 67.08204 62.64982 58.30952 54.08327 50 46.09772 42.42641 39.05125 35.35534 32.01562 28.28427 25 21.2132 18.02776 15.81139 14.14214 11.18034 10 7.071068 5 5 0 0 0 0 0 0 0 0 0 0 0 0 0 0 0 0
130.8625 127.2792 123.7942 120.4159 117.1537 114.0175 111.018 108.1665 105.4751 102.9563 100 97.08244 94.33981 91.7878 89.44272 87.32124 85.44004 83.81527 82.46211 81.3941 80.62257 78.26238 76.15773 73.82411 71.5891 69.64194 68.00735 66.70832 65 60.41523 55.9017 51.47815 47.16991 43.01163 39.05125 35.35534 32.01562 28.28427 25 21.2132 18.02776 14.14214 11.18034 10 7.071068 5 5 0 0 0 0 0 0 0 0 0 0 0 0 0 0 0 0 0 0
127.2792 123.7942 120.2082 116.7262 113.3578 110.1136 107.0047 104.0433 101.2423 98.61542 96.04687 93.00538 90.13878 87.46428 85 82.76472 80.77747 79.05694 77.62087 76.48529 75.66373 73.82411 71.5891 69.46222 67.08204 65 63.24555 61.84658 60.82763 58.30952 53.85165 49.24429 44.72136 40.31129 36.05551 32.01562 28.28427 25 21.2132 18.02776 14.14214 11.18034 7.071068 5 5 0 0 0 0 0 0 0 0 0 0 0 0 0 0 0 0 0 0 0 0
123.7942 120.2082 116.7262 113.1371 109.6586 106.3015 103.0776 100 97.08244 94.33981 91.7878 89.02247 86.02325 83.21658 80.62257 78.26238 76.15773 74.33035 72.8011 71.5891 70.71068 69.46222 67.08204 65 62.64982 60.41523 58.5235 57.00877 55.9017 55.22681 51.47815 47.16991 42.72002 38.07887 33.54102 29.15476 25 21.2132 18.02776 14.14214 11.18034 7.071068 5 0 0 0 0 0 0 0 0 0 0 0 0 0 0 0 0 0 0 0 0 0 0
120.2082 116.7262 113.1371 109.6586 106.066 102.5914 99.24717 96.04687 93.00538 90.13878 87.46428 85 82.0061 79.05694 76.32169 73.82411 71.5891 69.64194 68.00735 66.70832 65.76473 65.19202 62.64982 60.41523 58.30952 55.9017 53.85165 52.20153 50.9902 50.24938 49.24429 44.72136 40.31129 36.05551 31.62278 26.92582 22.36068 18.02776 14.14214 11.18034 7.071068 5 0 0 0 0 0 0 0 0 0 0 0 0 0 0 0 0 0 0 0 0 0 0 0
116.7262 113.1371 109.6586 106.066 102.5914 98.99495 95.52486 92.19544 89.02247 86.02325 83.21658 80.62257 78.10249 75 72.11102 69.46222 67.08204 65 63.24555 61.84658 60.82763 60.20797 58.30952 55.9017 53.85165 51.47815 49.24429 47.43417 46.09772 45.27692 44.72136 42.72002 38.07887 33.54102 29.15476 25 20.61553 15.81139 11.18034 7.071068 5 0 0 0 0 0 0 0 0 0 0 0 0 0 0 0 0 0 0 0 0 0 0 0 0
113.3578 109.6586 106.066 102.5914 98.99495 95.52486 91.92388 88.45903 85.14693 82.0061 79.05694 76.32169 73.82411 71.06335 68.00735 65.19202 62.64982 60.41523 58.5235 57.00877 55.9017 55.22681 53.85165 51.47815 49.24429 47.16991 44.72136 42.72002 41.23106 40.31129 40 38.07887 36.05551 31.62278 26.92582 22.36068 18.02776 14.14214 10 5 0 0 0 0 0 0 0 0 0 0 0 0 0 0 0 0 0 0 0 0 0 0 0 0 0
110.1136 106.3015 102.5914 98.99495 95.52486 91.92388 88.45903 84.85281 81.3941 78.10249 75 72.11102 69.46222 67.08204 64.03124 61.03278 58.30952 55.9017 53.85165 52.20153 50.9902 50.24938 49.24429 47.16991 44.72136 42.72002 40.31129 38.07887 36.40055 35.35534 35 33.54102 31.62278 29.15476 25 20.61553 15.81139 11.18034 7.071068 5 0 0 0 0 0 0 0 0 0 0 0 0 0 0 0 0 0 0 0 0 0 0 0 0 0
107.0047 103.0776 99.24717 95.52486 91.92388 88.45903 84.85281 81.3941 77.78175 74.33035 71.06335 68.00735 65.19202 62.64982 60.20797 57.00877 54.08327 51.47815 49.24429 47.43417 46.09772 45.27692 44.72136 42.72002 40.31129 38.07887 36.05551 33.54102 31.62278 30.41381 30 29.15476 26.92582 25 22.36068 18.02776 14.14214 10 5 0 0 0 0 0 0 0 0 0 0 0 0 0 0 0 0 0 0 0 0 0 0 0 0 0 0
104.0433 100 96.04687 92.19544 88.45903 84.85281 81.3941 77.78175 74.33035 70.71068 67.26812 64.03124 61.03278 58.30952 55.9017 53.15073 50 47.16991 44.72136 42.72002 41.23106 40.31129 40 38.07887 36.05551 33.54102 31.62278 29.15476 26.92582 25.4951 25 25 22.36068 20.61553 18.02776 15.81139 11.18034 7.071068 5 0 0 0 0 0 0 0 0 0 0 0 0 0 0 0 0 0 0 0 0 0 0 0 0 0 0
101.2423 97.08244 93.00538 89.02247 85.14693 81.3941 77.78175 74.33035 70.71068 67.26812 63.63961 60.20797 57.00877 54.08327 51.47815 49.24429 46.09772 43.01163 40.31129 38.07887 36.40055 35.35534 35 33.54102 31.62278 29.15476 26.92582 25 22.36068 20.61553 20 20 18.02776 15.81139 14.14214 11.18034 10 5 0 0 0 0 0 0 0 0 0 0 0 0 0 0 0 0 0 0 0 0 0 0 0 0 0 0 5
98.61542 94.33981 90.13878 86.02325 82.0061 78.10249 74.33035 70.71068 67.26812 63.63961 60.20797 56.56854 53.15073 50 47.16991 44.72136 42.42641 39.05125 36.05551 33.54102 31.62278 30.41381 30 29.15476 26.92582 25 22.36068 20.61553 18.02776 15.81139 15 15 14.14214 11.18034 10 7.071068 5 5 0 0 0 0 0 0 0 0 0 0 0 0 0 0 0 0 0 0 0 0 0 0 0 0 0 5 7.071068
