gisdata/paricatuba/disttowater.asc
ncols         612
nrows         600
xllcorner     735395.55511475
yllcorner     -159034.80108643
cellsize      5
NODATA_value  -9999
[rows 551 to 579 of 600, columns 130 to 194 of 612]
915.7647 919.266 922.7811 926.3099 929.8521 933.381 936.9232 939.2151 941.4085 943.6234 945.8594 948.1166 950.3947 952.6935 955.0131 957.3531 959.7135 962.0941 964.4947 966.9152 969.3555 971.8153 974.2946 976.7932 979.311 981.8478 984.4034 986.9777 989.5706 992.1819 994.8115 997.4593 1000.125 1002.809 1005.51 1008.229 1010.965 1013.718 1016.489 1019.277 1022.081 1024.902 1026.499 1023.633 1020.784 1017.951 1015.135 1012.336 1009.554 1006.789 1004.042 1001.312 998.599 995.9041 993.2271 990.568 987.9271 985.3045 982.7004 980.051 977.1003 974.1663 971.2492 968.3491 965.4662
919.3476 922.8353 926.3369 929.8521 933.381 936.9232 940.452 943.7161 945.899 948.1034 950.3289 952.5754 954.8429 957.1311 959.4399 961.7692 964.1188 966.4885 968.8782 971.2878 973.7171 976.166 978.6343 981.1218 983.6285 986.1542 988.6987 991.2618 993.8436 996.4437 999.0621 1001.699 1004.353 1007.025 1009.715 1012.423 1015.148 1017.89 1020.649 1023.426 1026.219 1029.029 1030.594 1027.74 1024.902 1022.081 1019.277 1016.489 1013.718 1010.965 1008.229 1005.51 1002.809 1000.125 997.4593 994.8115 992.1819 989.5706 986.9777 984.0859 981.1473 978.2255 975.3204 972.4325 969.5618
922.9437 926.4178 929.9059 933.4077 936.9232 940.452 943.9942 947.5231 950.3947 952.5886 954.8036 957.0397 959.2966 961.5742 963.8724 966.191 968.5298 970.8888 973.2677 975.6664 978.0848 980.5228 982.9802 985.4567 987.9525 990.467 993.0005 995.5526 998.1232 1000.712 1003.32 1005.945 1008.588 1011.249 1013.928 1016.624 1019.338 1022.069 1024.817 1027.582 1030.364 1033.163 1034.698 1031.855 1029.029 1026.219 1023.426 1020.649 1017.89 1015.148 1012.423 1009.715 1007.025 1004.353 1001.699 999.0621 996.4437 993.8436 991.0726 988.1295 985.203 982.2932 979.4003 976.5245 973.6658
926.5527 930.0134 933.4881 936.9765 940.4786 943.9942 947.5231 951.0652 954.5942 957.0789 959.2836 961.5092 963.7557 966.0228 968.3104 970.6183 972.9465 975.2948 977.663 980.051 982.4587 984.8858 987.3323 989.798 992.2827 994.7864 997.3089 999.85 1002.41 1004.988 1007.584 1010.198 1012.83 1015.48 1018.148 1020.833 1023.536 1026.255 1028.992 1031.746 1034.517 1037.304 1038.809 1035.978 1033.163 1030.364 1027.582 1024.817 1022.069 1019.338 1016.624 1013.928 1011.249 1008.588 1005.945 1003.32 1000.712 998.0606 995.113 992.1819 989.2674 986.3696 983.4887 980.6248 977.7781
930.1747 933.622 937.0833 940.5583 944.0471 947.5495 951.0652 954.5942 958.1362 961.5742 963.7686 965.9839 968.22 970.4767 972.7538 975.0513 977.3689 979.7066 982.0641 984.4415 986.8384 989.2548 991.6905 994.1454 996.6193 999.1121 1001.624 1004.154 1006.703 1009.27 1011.855 1014.458 1017.079 1019.718 1022.375 1025.049 1027.74 1030.449 1033.175 1035.917 1038.677 1041.453 1042.929 1040.108 1037.304 1034.517 1031.746 1028.992 1026.255 1023.536 1020.833 1018.148 1015.48 1012.83 1010.198 1007.584 1004.988 1002.098 999.1622 996.2429 993.3403 990.4545 987.5854 984.7335 981.8987
933.8094 937.2433 940.6912 944.1531 947.6286 951.1177 954.6204 958.1362 961.6652 965.2072 968.2587 970.4638 972.6896 974.9359 977.2026 979.4897 981.7968 984.124 986.471 988.8377 991.224 993.6297 996.0547 998.4989 1000.962 1003.444 1005.945 1008.464 1011.002 1013.558 1016.132 1018.725 1021.335 1023.963 1026.609 1029.272 1031.952 1034.65 1037.365 1040.096 1042.845 1045.61 1047.055 1044.246 1041.453 1038.677 1035.917 1033.175 1030.449 1027.74 1025.049 1022.375 1019.718 1017.079 1014.458 1011.855 1009.084 1006.144 1003.22 1000.312 997.4217 994.5476 991.6905 988.8503 986.0274
937.4567 940.8773 944.3119 947.7605 951.2229 954.6989 958.1884 961.6912 965.2072 968.7363 972.2783 974.9487 977.1642 979.4003 981.6567 983.9334 986.2302 988.5469 990.8834 993.2396 995.6154 998.0105 1000.425 1002.858 1005.311 1007.782 1010.272 1012.781 1015.308 1017.853 1020.417 1022.998 1025.597 1028.214 1030.849 1033.501 1036.171 1038.858 1041.561 1044.282 1047.02 1049.774 1051.19 1048.392 1045.61 1042.845 1040.096 1037.365 1034.65 1031.952 1029.272 1026.609 1023.963 1021.335 1018.725 1016.071 1013.126 1010.198 1007.286 1004.39 1001.511 998.6491 995.8037 992.9753 990.1641
941.1163 944.5237 947.9451 951.3806 954.8298 958.2927 961.7692 965.259 968.7621 972.2783 975.8074 979.3493 981.644 983.8699 986.1161 988.3825 990.6689 992.9753 995.3015 997.6472 1000.013 1002.397 1004.801 1007.224 1009.666 1012.126 1014.606 1017.104 1019.62 1022.155 1024.707 1027.278 1029.866 1032.473 1035.097 1037.738 1040.397 1043.072 1045.765 1048.475 1051.202 1053.945 1055.332 1052.545 1049.774 1047.02 1044.282 1041.561 1038.858 1036.171 1033.501 1030.849 1028.214 1025.597 1022.998 1020.11 1017.177 1014.261 1011.36 1008.477 1005.609 1002.759 999.925 997.1083 994.3088
944.7883 948.1825 951.5908 955.0131 958.4493 961.8992 965.3626 968.8395 972.3297 975.833 979.3493 982.8784 986.1288 988.3446 990.5806 992.8369 995.113 997.4091 999.725 1002.06 1004.415 1006.789 1009.183 1011.595 1014.027 1016.477 1018.946 1021.433 1023.938 1026.462 1029.004 1031.564 1034.142 1036.738 1039.351 1041.981 1044.629 1047.294 1049.976 1052.675 1055.391 1058.123 1059.481 1056.705 1053.945 1051.202 1048.475 1045.765 1043.072 1040.397 1037.738 1035.097 1032.473 1029.866 1027.095 1024.158 1021.237 1018.332 1015.443 1012.571 1009.715 1006.876 1004.054 1001.249 998.4613
948.4725 951.8535 955.2487 958.6579 962.0811 965.518 968.9685 972.4325 975.9099 979.4003 982.9039 986.4203 989.9495 992.8243 995.0502 997.2963 999.5624 1001.848 1004.154 1006.479 1008.824 1011.187 1013.57 1015.972 1018.393 1020.833 1023.291 1025.768 1028.263 1030.776 1033.308 1035.857 1038.424 1041.009 1043.612 1046.231 1048.868 1051.523 1054.194 1056.882 1059.587 1062.309 1063.638 1060.872 1058.123 1055.391 1052.675 1049.976 1047.294 1044.629 1041.981 1039.351 1036.738 1034.082 1031.14 1028.214 1025.305 1022.411 1019.534 1016.674 1013.829 1011.002 1008.191 1005.398 1002.622
952.1686 955.5365 958.9186 962.3149 965.7251 969.1491 972.5867 976.0379 979.5024 982.9802 986.471 989.9747 993.4913 997.0206 999.5249 1001.761 1004.017 1006.293 1008.588 1010.903 1013.237 1015.591 1017.964 1020.355 1022.766 1025.195 1027.643 1030.109 1032.594 1035.097 1037.617 1040.156 1042.713 1045.287 1047.879 1050.488 1053.114 1055.758 1058.419 1061.096 1063.79 1066.501 1067.802 1065.047 1062.309 1059.587 1056.882 1054.194 1051.523 1048.868 1046.231 1043.612 1041.009 1038.123 1035.193 1032.279 1029.381 1026.499 1023.633 1020.784 1017.951 1015.135 1012.336 1009.554 1006.789
955.8766 959.2314 962.6006 965.9839 969.3812 972.7924 976.2172 979.6556 983.1073 986.5723 990.0505 993.5416 997.0457 1000.562 1004.004 1006.231 1008.477 1010.742 1013.028 1015.332 1017.657 1020 1022.362 1024.744 1027.144 1029.563 1032 1034.456 1036.931 1039.423 1041.933 1044.462 1047.008 1049.571 1052.153 1054.751 1057.367 1060 1062.65 1065.317 1068 1070.701 1071.973 1069.229 1066.501 1063.79 1061.096 1058.419 1055.758 1053.114 1050.488 1047.879 1045.108 1042.173 1039.255 1036.352 1033.465 1030.594 1027.74 1024.902 1022.081 1019.277 1016.489 1013.718 1010.965
959.5963 962.9382 966.2945 969.6649 973.0493 976.4476 979.8597 983.2853 986.7244 990.1768 993.6423 997.1208 1000.612 1004.117 1007.633 1010.705 1012.941 1015.197 1017.472 1019.767 1022.081 1024.414 1026.767 1029.138 1031.528 1033.937 1036.364 1038.809 1041.273 1043.755 1046.255 1048.773 1051.309 1053.862 1056.433 1059.021 1061.626 1064.249 1066.888 1069.544 1072.217 1074.907 1076.151 1073.417 1070.701 1068 1065.317 1062.65 1060 1057.367 1054.751 1052.093 1049.154 1046.231 1043.324 1040.433 1037.557 1034.698 1031.855 1029.029 1026.219 1023.426 1020.649 1017.89 1015.148
963.3276 966.6566 970 973.3576 976.7292 980.1148 983.5141 986.9271 990.3535 993.7932 997.2462 1000.712 1004.191 1007.683 1011.187 1014.704 1017.411 1019.657 1021.922 1024.207 1026.511 1028.834 1031.177 1033.538 1035.917 1038.316 1040.733 1043.168 1045.622 1048.094 1050.583 1053.091 1055.616 1058.159 1060.719 1063.297 1065.892 1068.504 1071.133 1073.778 1076.441 1079.12 1080.336 1077.613 1074.907 1072.217 1069.544 1066.888 1064.249 1061.626 1059.021 1056.137 1053.209 1050.298 1047.401 1044.521 1041.657 1038.809 1035.978 1033.163 1030.364 1027.582 1024.817 1022.069 1019.338
967.0703 970.3865 973.7171 977.062 980.4208 983.7937 987.1803 990.5806 993.9944 997.4217 1000.862 1004.316 1007.782 1011.262 1014.754 1018.258 1021.775 1024.122 1026.377 1028.652 1030.946 1033.259 1035.592 1037.943 1040.313 1042.701 1045.108 1047.533 1049.976 1052.438 1054.917 1057.414 1059.929 1062.462 1065.012 1067.579 1070.164 1072.765 1075.384 1078.019 1080.671 1083.34 1084.528 1081.816 1079.12 1076.441 1073.778 1071.133 1068.504 1065.892 1063.12 1060.189 1057.272 1054.372 1051.487 1048.618 1045.765 1042.929 1040.108 1037.304 1034.517 1031.746 1028.992 1026.255 1023.536
970.8244 974.1278 977.4457 980.7778 984.124 987.4842 990.8582 994.246 997.6472 1001.062 1004.49 1007.931 1011.385 1014.852 1018.332 1021.824 1025.329 1028.591 1030.837 1033.102 1035.386 1037.69 1040.012 1042.353 1044.713 1047.091 1049.488 1051.903 1054.336 1056.788 1059.257 1061.744 1064.249 1066.771 1069.311 1071.868 1074.442 1077.033 1079.641 1082.266 1084.908 1087.566 1088.726 1086.025 1083.34 1080.671 1078.019 1075.384 1072.765 1070.105 1067.169 1064.249 1061.344 1058.454 1055.58 1052.723 1049.881 1047.055 1044.246 1041.453 1038.677 1035.917 1033.175 1030.449 1027.74
974.5897 977.8804 981.1855 984.5049 987.8386 991.1862 994.5476 997.9229 1001.312 1004.714 1008.129 1011.558 1015 1018.455 1021.922 1025.402 1028.895 1032.4 1035.302 1037.557 1039.832 1042.125 1044.438 1046.769 1049.119 1051.487 1053.874 1056.279 1058.702 1061.143 1063.602 1066.079 1068.574 1071.086 1073.615 1076.162 1078.726 1081.307 1083.905 1086.52 1089.151 1091.799 1092.932 1090.241 1087.566 1084.908 1082.266 1079.641 1077.033 1074.151 1071.226 1068.316 1065.422 1062.544 1059.682 1056.835 1054.004 1051.19 1048.392 1045.61 1042.845 1040.096 1037.365 1034.65 1031.952
978.366 981.644 984.9365 988.2434 991.5644 994.8995 998.2485 1001.611 1004.988 1008.377 1011.781 1015.197 1018.627 1022.069 1025.524 1028.992 1032.473 1035.966 1039.471 1042.017 1044.282 1046.566 1048.868 1051.19 1053.53 1055.888 1058.265 1060.66 1063.073 1065.505 1067.954 1070.421 1072.905 1075.407 1077.926 1080.463 1083.017 1085.587 1088.175 1090.78 1093.401 1096.038 1097.144 1094.463 1091.799 1089.151 1086.52 1083.905 1081.134 1078.204 1075.291 1072.392 1069.509 1066.642 1063.79 1060.955 1058.135 1055.332 1052.545 1049.774 1047.02 1044.282 1041.561 1038.858 1036.171
982.1533 985.4187 988.6987 991.9929 995.3015 998.624 1001.961 1005.311 1008.675 1012.052 1015.443 1018.847 1022.265 1025.695 1029.138 1032.594 1036.062 1039.543 1043.036 1046.482 1048.737 1051.011 1053.304 1055.616 1057.946 1060.295 1062.662 1065.047 1067.45 1069.871 1072.311 1074.767 1077.242 1079.734 1082.243 1084.77 1087.313 1089.874 1092.451 1095.046 1097.657 1100.284 1101.363 1098.692 1096.038 1093.401 1090.78 1088.118 1085.184 1082.266 1079.363 1076.476 1073.604 1070.747 1067.907 1065.082 1062.274 1059.481 1056.705 1053.945 1051.202 1048.475 1045.765 1043.072 1040.397
985.9513 989.2042 992.4717 995.7535 999.0496 1002.36 1005.684 1009.022 1012.373 1015.739 1019.117 1022.509 1025.914 1029.332 1032.763 1036.207 1039.663 1043.132 1046.614 1050.107 1053.198 1055.462 1057.745 1060.047 1062.368 1064.707 1067.064 1069.439 1071.833 1074.244 1076.673 1079.12 1081.584 1084.066 1086.566 1089.082 1091.616 1094.166 1096.734 1099.318 1101.919 1104.536 1105.588 1102.928 1100.284 1097.657 1095.046 1092.165 1089.243 1086.336 1083.444 1080.567 1077.706 1074.86 1072.031 1069.217 1066.419 1063.638 1060.872 1058.123 1055.391 1052.675 1049.976 1047.294 1044.629
989.7601 993.0005 996.2555 999.5249 1002.809 1006.106 1009.418 1012.744 1016.083 1019.436 1022.803 1026.182 1029.575 1032.981 1036.4 1039.832 1043.276 1046.733 1050.202 1053.684 1057.178 1059.917 1062.191 1064.483 1066.794 1069.123 1071.471 1073.837 1076.22 1078.622 1081.041 1083.478 1085.933 1088.405 1090.894 1093.401 1095.924 1098.465 1101.022 1103.596 1106.187 1108.794 1109.82 1107.17 1104.536 1101.919 1099.147 1096.221 1093.309 1090.413 1087.532 1084.666 1081.816 1078.981 1076.162 1073.359 1070.572 1067.802 1065.047 1062.309 1059.587 1056.882 1054.194 1051.523 1048.868
993.5794 996.8074 1000.05 1003.307 1006.578 1009.864 1013.163 1016.477 1019.804 1023.145 1026.499 1029.866 1033.247 1036.641 1040.048 1043.468 1046.9 1050.345 1053.803 1057.272 1060.754 1064.249 1066.642 1068.925 1071.226 1073.546 1075.883 1078.239 1080.613 1083.005 1085.415 1087.842 1090.287 1092.749 1095.228 1097.725 1100.239 1102.769 1105.317 1107.881 1110.462 1113.059 1114.058 1111.418 1108.794 1106.131 1103.2 1100.284 1097.383 1094.498 1091.627 1088.772 1085.933 1083.109 1080.301 1077.509 1074.733 1071.973 1069.229 1066.501 1063.79 1061.096 1058.419 1055.758 1053.114
997.4091 1000.625 1003.855 1007.1 1010.359 1013.632 1016.919 1020.221 1023.536 1026.864 1030.206 1033.562 1036.931 1040.313 1043.707 1047.115 1050.536 1053.969 1057.414 1060.872 1064.343 1067.825 1071.098 1073.371 1075.663 1077.973 1080.301 1082.647 1085.011 1087.394 1089.794 1092.211 1094.646 1097.098 1099.568 1102.055 1104.559 1107.079 1109.617 1112.171 1114.742 1117.329 1118.302 1115.672 1113.059 1110.18 1107.26 1104.355 1101.465 1098.59 1095.73 1092.886 1090.057 1087.244 1084.447 1081.665 1078.9 1076.151 1073.417 1070.701 1068 1065.317 1062.65 1060 1057.367
1001.249 1004.453 1007.671 1010.903 1014.15 1017.411 1020.686 1023.975 1027.278 1030.594 1033.925 1037.268 1040.625 1043.995 1047.378 1050.774 1054.182 1057.603 1061.037 1064.483 1067.942 1071.413 1074.895 1077.822 1080.104 1082.405 1084.724 1087.06 1089.415 1091.787 1094.178 1096.586 1099.011 1101.454 1103.913 1106.391 1108.885 1111.396 1113.923 1116.468 1119.029 1121.606 1122.553 1119.933 1117.162 1114.237 1111.328 1108.434 1105.554 1102.69 1099.841 1097.007 1094.189 1091.387 1088.6 1085.829 1083.074 1080.336 1077.613 1074.907 1072.217 1069.544 1066.888 1064.249 1061.626
1005.099 1008.291 1011.496 1014.717 1017.951 1021.2 1024.463 1027.74 1031.031 1034.336 1037.654 1040.985 1044.33 1047.688 1051.059 1054.443 1057.84 1061.249 1064.671 1068.106 1071.553 1075.012 1078.483 1081.966 1084.551 1086.842 1089.151 1091.478 1093.824 1096.187 1098.567 1100.965 1103.381 1105.814 1108.264 1110.732 1113.216 1115.717 1118.235 1120.77 1123.321 1125.889 1126.81 1124.144 1121.216 1118.302 1115.404 1112.52 1109.651 1106.797 1103.959 1101.136 1098.328 1095.536 1092.76 1090 1087.256 1084.528 1081.816 1079.12 1076.441 1073.778 1071.133 1068.504 1065.892
1008.96 1012.139 1015.332 1018.541 1021.763 1025 1028.251 1031.516 1034.795 1038.087 1041.393 1044.713 1048.046 1051.392 1054.751 1058.123 1061.508 1064.906 1068.316 1071.739 1075.174 1078.622 1082.081 1085.553 1089.002 1091.284 1093.584 1095.901 1098.237 1100.591 1102.962 1105.351 1107.757 1110.18 1112.621 1115.078 1117.553 1120.045 1122.553 1125.078 1127.619 1130.177 1131.073 1128.195 1125.278 1122.375 1119.486 1116.613 1113.755 1110.912 1108.084 1105.271 1102.474 1099.693 1096.927 1094.178 1091.444 1088.726 1086.025 1083.34 1080.671 1078.019 1075.384 1072.765 1070.164
1012.83 1015.997 1019.179 1022.375 1025.585 1028.81 1032.049 1035.302 1038.569 1041.849 1045.144 1048.451 1051.772 1055.107 1058.454 1061.814 1065.188 1068.574 1071.973 1075.384 1078.807 1082.243 1085.691 1089.151 1092.623 1095.73 1098.021 1100.329 1102.656 1105 1107.362 1109.741 1112.138 1114.552 1116.983 1119.431 1121.896 1124.378 1126.876 1129.391 1131.923 1134.471 1135.176 1132.254 1129.347 1126.455 1123.577 1120.714 1117.866 1115.034 1112.216 1109.414 1106.628 1103.857 1101.102 1098.362 1095.639 1092.932 1090.241 1087.566 1084.908 1082.266 1079.641 1077.033 1074.442
1016.71 1019.865 1023.035 1026.219 1029.417 1032.63 1035.857 1039.098 1042.353 1045.622 1048.904 1052.2 1055.509 1058.832 1062.168 1065.516 1068.878 1072.252 1075.639 1079.039 1082.451 1085.875 1089.312 1092.76 1096.221 1099.693 1102.463 1104.762 1107.079 1109.414 1111.767 1114.136 1116.524 1118.928 1121.35 1123.788 1126.244 1128.716 1131.205 1133.711 1136.233 1138.771 1139.232 1136.321 1133.424 1130.542 1127.675 1124.822 1121.985 1119.163 1116.356 1113.564 1110.788 1108.027 1105.283 1102.554 1099.841 1097.144 1094.463 1091.799 1089.151 1086.52 1083.905 1081.307 1078.726
1020.6 1023.743 1026.901 1030.073 1033.259 1036.46 1039.675 1042.905 1046.148 1049.405 1052.675 1055.959 1059.257 1062.568 1065.892 1069.229 1072.579 1075.941 1079.317 1082.705 1086.105 1089.518 1092.943 1096.38 1099.83 1103.291 1106.763 1109.2 1111.508 1113.833 1116.177 1118.537 1120.915 1123.31 1125.722 1128.151 1130.597 1133.06 1135.54 1138.036 1140.548 1143.077 1143.296 1140.395 1137.508 1134.636 1131.78 1128.938 1126.111 1123.299 1120.502 1117.721 1114.955 1112.205 1109.471 1106.752 1104.049 1101.363 1098.692 1096.038 1093.401 1090.78 1088.175 1085.587 1083.017
