gisdata/paricatuba/disttowater.asc
ncols         612
nrows         600
xllcorner     735395.55511475
yllcorner     -159034.80108643
cellsize      5
NODATA_value  -9999
[rows 435 to 463 of 600, columns 130 to 194 of 612]
458.0393 462.0876 466.1545 470.2393 474.3416 478.4611 482.5971 486.7494 490.9175 495.101 499.2995 503.5127 507.7401 511.9814 516.2364 520.5046 524.7856 529.0794 533.3854 537.7034 542.0332 546.3744 550.7268 555.0901 559.4641 563.8484 568.2429 572.6473 577.0615 581.4852 585.9181 590.36 594.8109 599.2704 603.7383 608.2146 612.699 617.171 621.6309 626.0991 630.5751 635.0591 637.2794 632.8112 628.351 623.879 619.3948 614.9187 610.4507 605.9909 601.5397 597.0972 592.6635 588.2389 583.8236 579.4178 575.0217 570.6356 566.2596 561.8941 557.5392 553.1953 548.8625 544.5411 540.2314
461.0043 465.0269 469.0682 473.1279 477.2054 481.3003 485.4122 489.5406 493.6851 497.8454 502.0209 506.2114 510.4165 514.6358 518.869 523.1157 527.3755 531.6484 535.9338 540.2314 544.5411 548.8625 553.1953 557.5392 561.8941 566.2596 570.6356 575.0217 579.4178 583.8236 588.2389 592.6635 597.0972 601.5397 605.9909 610.4507 614.9187 619.3948 623.879 628.351 632.8112 637.2794 639.5311 635.0591 630.5751 626.0991 621.6309 617.171 612.7194 608.2762 603.8419 599.4164 595 590.5929 586.1954 581.8076 577.4296 573.062 568.7047 564.358 560.0223 555.6978 551.3846 547.0832 542.7937
464.0043 468.0011 472.0169 476.0515 480.1042 484.1746 488.2622 492.3667 496.4877 500.6246 504.7772 508.945 513.1277 517.3248 521.5362 525.7614 530 534.2518 538.5165 542.7937 547.0832 551.3846 555.6978 560.0223 564.358 568.7047 573.062 577.4296 581.8076 586.1954 590.5929 595 599.4164 603.8419 608.2762 612.7194 617.171 621.6309 626.0991 630.5751 635.0591 639.5311 641.7554 637.2794 632.8112 628.351 623.899 619.4554 615.0203 610.594 606.1765 601.7682 597.3693 592.9797 588.6 584.2303 579.8707 575.5215 571.183 566.8553 562.5389 558.2338 553.9404 549.659 545.3898
467.0385 471.0096 475 479.0094 483.0373 487.0832 491.1466 495.2272 499.3246 503.4382 507.5677 511.7128 515.873 520.0481 524.2375 528.4411 532.6584 536.8892 541.1331 545.3898 549.659 553.9404 558.2338 562.5389 566.8553 571.183 575.5215 579.8707 584.2303 588.6 592.9797 597.3693 601.7682 606.1765 610.594 615.0203 619.4554 623.899 628.351 632.8112 637.2794 641.7554 643.9915 639.5311 635.0787 630.6346 626.1989 621.7717 617.3532 612.9437 608.5433 604.1523 599.7708 595.399 591.0372 586.6856 582.3444 578.0139 573.6942 569.3856 565.0885 560.803 556.5294 552.2681 548.0192
470.1064 474.0517 478.0167 482.001 486.0041 490.0255 494.0648 498.1215 502.1952 506.2855 510.392 514.5143 518.6521 522.8049 526.9725 531.1544 535.3503 539.56 543.783 548.0192 552.2681 556.5294 560.803 565.0885 569.3856 573.6942 578.0139 582.3444 586.6856 591.0372 595.399 599.7708 604.1523 608.5433 612.9437 617.3532 621.7717 626.1989 630.6346 635.0787 639.5311 643.9915 646.2585 641.8138 637.3774 632.9495 628.53 624.1194 619.7177 615.3251 610.9419 606.5682 602.2043 597.8503 593.5065 589.1732 584.8504 580.5385 576.2378 571.9484 567.6707 563.4048 559.1511 554.9099 550.6814
473.2072 477.1268 481.0665 485.0258 489.0041 493.001 497.0161 501.0489 505.099 509.166 513.2495 517.349 521.4643 525.5949 529.7405 533.9008 538.0753 542.2638 546.4659 550.6814 554.9099 559.1511 563.4048 567.6707 571.9484 576.2378 580.5385 584.8504 589.1732 593.5065 597.8503 602.2043 606.5682 610.9419 615.3251 619.7177 624.1194 628.53 632.9495 637.3774 641.8138 646.2585 648.5561 644.1273 639.707 635.2952 630.8922 626.4982 622.1133 617.7378 613.3718 609.0156 604.6693 600.3333 596.0076 591.6925 587.3883 583.0952 578.8134 574.5433 570.285 566.0389 561.8051 557.584 553.376
476.3402 480.2343 484.1487 488.083 492.0366 496.0091 500 504.0089 508.0354 512.0791 516.1395 520.2163 524.3091 528.4174 532.5411 536.6796 540.8327 545 549.1812 553.376 557.584 561.8051 566.0389 570.285 574.5433 578.8134 583.0952 587.3883 591.6925 596.0076 600.3333 604.6693 609.0156 613.3718 617.7378 622.1133 626.4982 630.8922 635.2952 639.707 644.1273 648.5561 650.884 646.4712 642.067 637.6716 633.2851 628.9078 624.5399 620.1814 615.8328 611.4941 607.1655 602.8474 598.5399 594.2432 589.9576 585.6833 581.4207 577.1698 572.931 568.7047 564.4909 560.2901 556.1025
479.5049 483.3736 487.2628 491.1721 495.101 499.0491 503.0159 507.001 511.0039 515.0243 519.0616 523.1157 527.1859 531.272 535.3737 539.4905 543.6221 547.7682 551.9285 556.1025 560.2901 564.4909 568.7047 572.931 577.1698 581.4207 585.6833 589.9576 594.2432 598.5399 602.8474 607.1655 611.4941 615.8328 620.1814 624.5399 628.9078 633.2851 637.6716 642.067 646.4712 650.884 653.2419 648.8452 644.4572 640.0781 635.7083 631.3478 626.9968 622.6556 618.3243 614.0032 609.6926 605.3925 601.1031 596.825 592.558 588.3027 584.0591 579.8276 575.6084 571.4018 567.2081 563.0275 558.8605
482.7007 486.5439 490.408 494.2924 498.1967 502.1205 506.0632 510.0245 514.0039 518.001 522.0153 526.0466 530.0944 534.1582 538.2379 542.3329 546.4431 550.5679 554.7072 558.8605 563.0275 567.2081 571.4018 575.6084 579.8276 584.0591 588.3027 592.558 596.825 601.1031 605.3925 609.6926 614.0032 618.3243 622.6556 626.9968 631.3478 635.7083 640.0781 644.4572 648.8452 653.2419 655.6295 651.2488 646.8771 642.5146 638.1614 633.8178 629.4839 625.16 620.8462 616.5428 612.2499 607.968 603.697 599.4373 595.189 590.9526 586.7282 582.5161 578.3165 574.1298 569.9561 565.7959 561.6494
485.9269 489.7448 493.5838 497.4435 501.3232 505.2227 509.1414 513.0789 517.0348 521.0087 525 529.0085 533.0338 537.0754 541.1331 545.2064 549.295 553.3986 557.5168 561.6494 565.7959 569.9561 574.1298 578.3165 582.5161 586.7282 590.9526 595.189 599.4373 603.697 607.968 612.2499 616.5428 620.8462 625.16 629.4839 633.8178 638.1614 642.5146 646.8771 651.2488 655.6295 658.0463 653.6819 649.3266 644.9806 640.6442 636.3175 632.0008 627.6942 623.3979 619.1122 614.8374 610.5735 606.3209 602.0797 597.8503 593.6329 589.4277 585.235 581.0551 576.8882 572.7347 568.5948 564.4688
489.183 492.9756 496.7897 500.6246 504.4799 508.3552 512.2499 516.1638 520.0961 524.0468 528.0151 532.0009 536.0037 540.0231 544.0588 548.1104 552.1775 556.2598 560.3571 564.4688 568.5948 572.7347 576.8882 581.0551 585.235 589.4277 593.6329 597.8503 602.0797 606.3209 610.5735 614.8374 619.1122 623.3979 627.6942 632.0008 636.3175 640.6442 644.9806 649.3266 653.6819 658.0463 660.4922 656.144 651.8052 647.4759 643.1563 638.8466 634.5471 630.2579 625.9792 621.7114 617.4545 613.2088 608.9745 604.752 600.5414 596.343 592.157 587.9838 583.8236 579.6766 575.5432 571.4236 567.3182
492.4683 496.2358 500.025 503.8353 507.6662 511.5174 515.3882 519.2783 523.1873 527.1148 531.0602 535.0234 539.0037 543.0009 547.0146 551.0444 555.0901 559.1511 563.2273 567.3182 571.4236 575.5432 579.6766 583.8236 587.9838 592.157 596.343 600.5414 604.752 608.9745 613.2088 617.4545 621.7114 625.9792 630.2579 634.5471 638.8466 643.1563 647.4759 651.8052 656.144 660.4922 662.9668 658.6349 654.3126 650 645.6973 641.4047 637.1224 632.8507 628.5897 624.3397 620.1008 615.8734 611.6576 607.4537 603.262 599.0826 594.916 590.7622 586.6217 582.4946 578.3813 574.2822 570.1973
495.7822 499.5248 503.2892 507.075 510.8816 514.7087 518.5557 522.4222 526.3079 530.2122 534.1348 538.0753 542.0332 546.0082 550 554.0081 558.0323 562.0721 566.1272 570.1973 574.2822 578.3813 582.4946 586.6217 590.7622 594.916 599.0826 603.262 607.4537 611.6576 615.8734 620.1008 624.3397 628.5897 632.8507 637.1224 641.4047 645.6973 650 654.3126 658.6349 662.9668 665.4698 661.1543 656.8485 652.5527 648.2669 643.9915 639.7265 635.4723 631.2289 626.9968 622.7761 618.5669 614.3696 610.1844 606.0115 601.8513 597.7039 593.5697 589.4489 585.3418 581.2487 577.1698 573.1056
499.1242 502.8419 506.5817 510.343 514.1255 517.9286 521.7518 525.5949 529.4573 533.3386 537.2383 541.1562 545.0917 549.0446 553.0145 557.0009 561.0035 565.0221 569.0562 573.1056 577.1698 581.2487 585.3418 589.4489 593.5697 597.7039 601.8513 606.0115 610.1844 614.3696 618.5669 622.7761 626.9968 631.2289 635.4723 639.7265 643.9915 648.2669 652.5527 656.8485 661.1543 665.4698 668.0007 663.7017 659.4126 655.1335 650.8648 646.6065 642.3589 638.1223 633.8967 629.6824 625.4798 621.289 617.1102 612.9437 608.7898 604.6487 600.5206 596.4059 592.3048 588.2177 584.1447 580.0862 576.0425
502.4938 506.1867 509.9019 513.639 517.3973 521.1766 524.9762 528.7958 532.6349 536.4932 540.3702 544.2656 548.1788 552.1096 556.0576 560.0223 564.0035 568.0009 572.014 576.0425 580.0862 584.1447 588.2177 592.3048 596.4059 600.5206 604.6487 608.7898 612.9437 617.1102 621.289 625.4798 629.6824 633.8967 638.1223 642.3589 646.6065 650.8648 655.1335 659.4126 663.7017 668.0007 670.5594 666.277 662.0045 657.7424 653.4906 649.2496 645.0194 640.8003 636.5925 632.3962 628.2117 624.0392 619.879 615.7313 611.5963 607.4743 603.3655 599.2704 595.189 591.1218 587.069 583.0309 579.0078
505.8903 509.5586 513.2495 516.9623 520.6967 524.4521 528.2281 532.0244 535.8405 539.6758 543.5302 547.403 551.2939 555.2026 559.1288 563.072 567.0317 571.0079 575 579.0078 583.0309 587.069 591.1218 595.189 599.2704 603.3655 607.4743 611.5963 615.7313 619.879 624.0392 628.2117 632.3962 636.5925 640.8003 645.0194 649.2496 653.4906 657.7424 662.0045 666.277 670.5594 673.1456 668.8796 664.624 660.3787 656.144 651.9202 647.7075 643.506 639.316 635.1378 630.9715 626.8174 622.6757 618.5467 614.4306 610.3278 606.2384 602.1628 598.1011 594.0539 590.0212 586.0034 582.0009
509.3133 512.9571 516.6237 520.3124 524.0229 527.7547 531.5073 535.2803 539.0733 542.8858 546.7175 550.5679 554.4366 558.3234 562.2277 566.1493 570.0877 574.0427 578.0139 582.0009 586.0034 590.0212 594.0539 598.1011 602.1628 606.2384 610.3278 614.4306 618.5467 622.6757 626.8174 630.9715 635.1378 639.316 643.506 647.7075 651.9202 656.144 660.3787 664.624 668.8796 673.1456 675.7589 671.5095 667.2706 663.0422 658.8247 654.6182 650.4229 646.2391 642.067 637.9067 633.7586 629.6229 625.4998 621.3896 617.2925 613.2088 609.1387 605.0826 601.0408 597.0134 593.0009 589.0034 585.0214
512.7621 516.3817 520.024 523.6888 527.3755 531.0838 534.813 538.5629 542.3329 546.1227 549.9318 553.7599 557.6065 561.4713 565.3539 569.2539 573.171 577.1049 581.0551 585.0214 589.0034 593.0009 597.0134 601.0408 605.0826 609.1387 613.2088 617.2925 621.3896 625.4998 629.6229 633.7586 637.9067 642.067 646.2391 650.4229 654.6182 658.8247 663.0422 667.2706 671.5095 675.7589 678.3989 674.1661 669.944 665.7327 661.5323 657.3431 653.1653 648.9992 644.845 640.7028 636.5729 632.4555 628.351 624.2596 620.1814 616.1169 612.0662 608.0296 604.0074 600 596.0076 592.0304 588.0688
516.2364 519.8317 523.4501 527.0911 530.7542 534.439 538.145 541.8718 545.6189 549.386 553.1727 556.9785 560.803 564.6459 568.5068 572.3854 576.2812 580.1939 584.1233 588.0688 592.0304 596.0076 600 604.0074 608.0296 612.0662 616.1169 620.1814 624.2596 628.351 632.4555 636.5729 640.7028 644.845 648.9992 653.1653 657.3431 661.5323 665.7327 669.944 674.1661 678.3989 681.0654 676.8493 672.644 668.4497 664.2665 660.0947 655.9344 651.786 647.6496 643.5255 639.4138 635.3149 631.2289 627.1563 623.0971 619.0517 615.0203 611.0033 607.0008 603.0132 599.0409 595.084 591.1429
519.7355 523.3068 526.9013 530.5186 534.1582 537.8197 541.5026 545.2064 548.9308 552.6753 556.4396 560.2231 564.0257 567.8468 571.6861 575.5432 579.4178 583.3095 587.218 591.1429 595.084 599.0409 603.0132 607.0008 611.0033 615.0203 619.0517 623.0971 627.1563 631.2289 635.3149 639.4138 643.5255 647.6496 651.786 655.9344 660.0947 664.2665 668.4497 672.644 676.8493 681.0654 683.758 679.5587 675.3702 671.193 667.027 662.8726 658.7299 654.5991 650.4806 646.3745 642.2811 638.2006 634.1332 630.0793 626.0391 622.0129 618.0008 614.0032 610.0205 606.0528 602.1005 598.1639 594.2432
523.259 526.8064 530.3772 533.9709 537.5872 541.2255 544.8853 548.5663 552.2681 555.9901 559.7321 563.4936 567.2742 571.0735 574.8913 578.7271 582.5804 586.4512 590.3389 594.2432 598.1639 602.1005 606.0528 610.0205 614.0032 618.0008 622.0129 626.0391 630.0793 634.1332 638.2006 642.2811 646.3745 650.4806 654.5991 658.7299 662.8726 667.027 671.193 675.3702 679.5587 683.758 686.4765 682.2939 678.1224 673.9622 669.8134 665.6763 661.5512 657.4382 653.3376 649.2496 645.1744 641.1123 637.0636 633.0284 629.0071 625 621.0073 617.0292 613.066 609.1182 605.1859 601.2695 597.3693
526.8064 530.3301 533.8773 537.4477 541.0406 544.6559 548.2928 551.9511 555.6302 559.33 563.0497 566.7892 570.548 574.3257 578.1219 581.9364 585.7687 589.6185 593.4855 597.3693 601.2695 605.1859 609.1182 613.066 617.0292 621.0073 625 629.0071 633.0284 637.0636 641.1123 645.1744 649.2496 653.3376 657.4382 661.5512 665.6763 669.8134 673.9622 678.1224 682.2939 686.4765 689.2206 685.0547 680.9001 676.757 672.6254 668.5058 664.3983 660.303 656.2202 652.1503 648.0934 644.0497 640.0195 636.0032 632.0008 628.0128 624.0392 620.0806 616.1371 612.2091 608.2968 604.4005 600.5206
530.3301 533.8773 537.4012 540.9482 544.5181 548.1104 551.7245 555.3602 559.017 562.6944 566.3921 570.1096 573.8467 577.6028 581.3777 585.1709 588.9822 592.8111 596.6573 600.5206 604.4005 608.2968 612.2091 616.1371 620.0806 624.0392 628.0128 632.0008 636.0032 640.0195 644.0497 648.0934 652.1503 656.2202 660.303 664.3983 668.5058 672.6254 676.757 680.9001 685.0547 689.2206 691.9899 687.8408 683.7031 679.5771 675.4628 671.3605 667.2706 663.1931 659.1282 655.0764 651.0377 647.0124 643.0008 639.0031 635.0197 631.0507 627.0965 623.1573 619.2334 615.3251 611.4327 607.5566 603.697
533.8773 537.4012 540.9482 544.4722 548.0192 551.5886 555.1802 558.7933 562.4278 566.083 569.7587 573.4545 577.1698 580.9045 584.658 588.4301 592.2204 596.0285 599.8541 603.697 607.5566 611.4327 615.3251 619.2334 623.1573 627.0965 631.0507 635.0197 639.0031 643.0008 647.0124 651.0377 655.0764 659.1282 663.1931 667.2706 671.3605 675.4628 679.5771 683.7031 687.8408 691.9899 694.7841 690.6519 686.5311 682.4222 678.3251 674.2403 670.1679 666.1081 662.0612 658.0273 654.0069 650 646.007 642.028 638.0635 634.1135 630.1785 626.2587 622.3544 618.4658 614.5934 610.7372 606.8978
537.4477 540.9482 544.4722 548.0192 551.5433 555.0901 558.6591 562.2499 565.8622 569.4954 573.1492 576.8232 580.517 584.2303 587.9626 591.7136 595.483 599.2704 603.0754 606.8978 610.7372 614.5934 618.4658 622.3544 626.2587 630.1785 634.1135 638.0635 642.028 646.007 650 654.0069 658.0273 662.0612 666.1081 670.1679 674.2403 678.3251 682.4222 686.5311 690.6519 694.7841 697.603 693.4875 689.3838 685.2919 681.2122 677.1447 673.0899 669.0479 665.0188 661.0031 657.0007 653.0123 649.0377 645.0775 641.1318 637.2009 633.2851 629.3846 625.4998 621.6309 617.7783 613.9422 610.1229
541.0406 544.5181 548.0192 551.5433 555.0901 558.6144 562.161 565.7296 569.3198 572.931 576.5631 580.2155 583.8878 587.5798 591.291 595.021 598.7696 602.5363 606.3209 610.1229 613.9422 617.7783 621.6309 625.4998 629.3846 633.2851 637.2009 641.1318 645.0775 649.0377 653.0123 657.0007 661.0031 665.0188 669.0479 673.0899 677.1447 681.2122 685.2919 689.3838 693.4875 697.603 700.4463 696.3476 692.2608 688.186 684.1235 680.0735 676.0363 672.0119 668.0007 664.003 660.0189 656.0488 652.0928 648.1512 644.2244 640.3124 636.4158 632.5346 628.6693 624.8199 620.9871 617.171 613.3718
544.6559 548.1104 551.5886 555.0901 558.6144 562.161 565.6854 569.2319 572.8001 576.3896 580 583.6309 587.2819 590.9526 594.6428 598.3519 602.0797 605.8259 609.59 613.3718 617.171 620.9871 624.8199 628.6693 632.5346 636.4158 640.3124 644.2244 648.1512 652.0928 656.0488 660.0189 664.003 668.0007 672.0119 676.0363 680.0735 684.1235 688.186 692.2608 696.3476 700.4463 703.3136 699.2318 695.1619 691.1042 687.059 683.0264 679.0067 675 671.0067 667.027 663.0611 659.1093 655.1718 651.2488 647.3407 643.4478 639.5702 635.7083 631.8623 628.0327 624.2195 620.4232 616.6442
548.2928 551.7245 555.1802 558.6591 562.161 565.6854 569.2319 572.7565 576.3029 579.8707 583.4595 587.069 590.6987 594.3484 598.0176 601.7059 605.4131 609.1387 612.8825 616.6442 620.4232 624.2195 628.0327 631.8623 635.7083 639.5702 643.4478 647.3407 651.2488 655.1718 659.1093 663.0611 667.027 671.0067 675 679.0067 683.0264 687.059 691.1042 695.1619 699.2318 703.3136 706.2047 702.1396 698.0867 694.0461 690.0181 686.0029 682.0007 678.0118 674.0364 670.0746 666.1269 662.1933 658.2742 654.3699 650.4806 646.6065 642.748 638.9053 635.0787 631.2686 627.4751 623.6987 619.9395
551.9511 555.3602 558.7933 562.2499 565.7296 569.2319 572.7565 576.3029 579.8276 583.3738 586.9412 590.5294 594.1381 597.7667 601.415 605.0826 608.7692 612.4745 616.198 619.9395 623.6987 627.4751 631.2686 635.0787 638.9053 642.748 646.6065 650.4806 654.3699 658.2742 662.1933 666.1269 670.0746 674.0364 678.0118 682.0007 686.0029 690.0181 694.0461 698.0867 702.1396 706.2047 709.1192 705.0709 701.035 697.0115 693.0007 689.0029 685.0182 681.047 677.0894 673.1456 669.2159 665.3007 661.4 657.5143 653.6436 649.7885 645.9489 642.1254 638.3181 634.5274 630.7535 626.9968 623.2576
