gisdata/paricatuba/disttowater.asc
ncols         612
nrows         600
xllcorner     735395.55511475
yllcorner     -159034.80108643
cellsize      5
NODATA_value  -9999
[rows 348 to 376 of 600, columns 520 to 584 of 612]
791.9596 795.503 799.0306 802.574 806.1017 809.645 813.2036 816.7772 820.3658 823.9691 827.5869 831.219 834.8652 838.5255 842.1995 845.8871 849.5881 853.3024 857.0297 860.77 864.523 868.2886 872.0665 872.7686 870.9191 869.0944 867.2946 865.5201 863.7708 862.047 860.3488 858.6763 857.0297 855.4092 853.8149 852.247 850.7056 849.1908 847.7028 846.2417 844.8077 843.4009 842.0214 840.6694 839.345 838.0483 836.7795 835.5388 834.326 833.1417 831.9856 830.858 829.759 828.6887 827.6473 826.6348 825.6512 824.6969 823.7718 822.876 822.0097 821.1729 820.3658 819.5883 818.8406
788.432 791.9596 795.503 799.0306 802.574 806.1328 809.7067 813.2958 816.8996 820.5181 824.1511 827.7983 831.4595 835.1347 838.8236 842.5259 846.2417 849.9706 853.7125 857.4672 861.2346 865.0145 868.8066 872.611 875.5712 873.7563 871.9662 870.2011 868.4613 866.7468 865.0578 863.3945 861.7569 860.1453 858.5598 857.0006 855.4677 853.9614 852.4817 851.0288 849.6028 848.204 846.8323 845.488 844.1712 842.882 841.6205 840.3868 839.1812 838.0036 836.8542 835.7332 834.6406 833.5767 832.5413 831.5347 830.5571 829.6083 828.6887 827.7983 826.9371 826.1053 825.303 824.5302 823.787
784.8885 788.432 791.9596 795.503 799.062 802.6363 806.2258 809.8302 813.4495 817.0833 820.7314 824.3937 828.0701 831.7602 835.4639 839.1812 842.9116 846.6552 850.4117 854.1809 857.9627 861.7569 865.5634 869.382 873.2125 877.0547 876.6413 874.8857 873.1552 871.45 869.7701 868.1158 866.4872 864.8844 863.3076 861.7569 860.2325 858.7346 857.2631 855.8183 854.4004 853.0094 851.6454 850.3088 848.9994 847.7175 846.4633 845.2366 844.0379 842.8671 841.7244 840.6099 839.5237 838.4659 837.4366 836.4359 835.4639 834.5208 833.6066 832.7214 831.8654 831.0385 830.2409 829.4727 828.7339
781.361 784.8885 788.432 791.9911 795.5659 799.1558 802.7609 806.3808 810.0154 813.6646 817.3279 821.0055 824.6969 828.4021 832.1208 835.8528 839.5981 843.3564 847.1275 850.9113 854.7076 858.5162 862.3369 866.1697 870.0143 873.8707 877.7386 879.5737 877.8525 876.1564 874.4855 872.8402 871.2204 869.6263 868.0582 866.516 865 863.5103 862.047 860.6102 859.2002 857.817 856.4608 855.1316 853.8296 852.555 851.3078 850.0883 848.8964 847.7322 846.5961 845.488 844.4081 843.3564 842.3331 841.3382 840.3719 839.4343 838.5255 837.6455 836.7945 835.9725 835.1796 834.416 833.6816
777.8174 781.361 784.9203 788.4954 792.0859 795.6915 799.3122 802.9477 806.5978 810.2623 813.941 817.6338 821.3404 825.0606 828.7943 832.5413 836.3014 840.0744 843.8602 847.6586 851.4693 855.2924 859.1274 862.9745 866.8333 870.7037 874.5856 878.4788 882.3831 880.866 879.2042 877.5677 875.9566 874.3712 872.8115 871.2778 869.7701 868.2886 866.8333 865.4045 864.0023 862.6268 861.2781 859.9564 858.6617 857.3943 856.1542 854.9415 853.7564 852.5989 851.4693 850.3676 849.2938 848.2482 847.2308 846.2417 845.281 844.3489 843.4453 842.5705 841.7244 840.9072 840.119 839.3599 838.6298
774.29 777.8496 781.425 785.0159 788.6222 792.2437 795.88 799.5311 803.1967 806.8767 810.5708 814.2788 818.0006 821.736 825.4847 829.2466 833.0216 836.8094 840.6099 844.4229 848.2482 852.0857 855.9352 859.7965 863.6695 867.554 871.45 875.3571 879.2753 883.2044 883.9259 882.2982 880.6957 879.1189 877.5677 876.0422 874.5427 873.0693 871.6221 870.2011 868.8066 867.4388 866.0976 864.7832 863.4958 862.2355 861.0023 859.7965 858.6181 857.4672 856.344 855.2485 854.1809 853.1412 852.1297 851.1463 850.1912 849.2644 848.3661 847.4963 846.6552 845.8428 845.0591 844.3044 843.5787
770.7788 774.3546 777.946 781.5529 785.1751 788.8124 792.4645 796.1313 799.8125 803.5079 807.2175 810.9408 814.6779 818.4283 822.1922 825.9691 829.759 833.5616 837.3768 841.2045 845.0444 848.8964 852.7603 856.6359 860.5231 864.4218 868.3317 872.2528 876.1849 880.1278 884.0814 887.0316 885.4377 883.8693 882.3265 880.8093 879.3179 877.8525 876.4131 875 873.6132 872.2528 870.9191 869.612 868.3317 867.0784 865.8522 864.6531 863.4813 862.3369 861.2201 860.1308 859.0693 858.0355 857.0297 856.052 855.1024 854.1809 853.2878 852.423 851.5867 850.7791 850 849.2497 848.5281
767.2842 770.8761 774.4837 778.1067 781.7449 785.398 789.0659 792.7484 796.4453 800.1563 803.8812 807.6199 811.3723 815.138 818.917 822.7089 826.5137 830.3312 834.1613 838.0036 841.8581 845.7245 849.6028 853.4928 857.3943 861.3071 865.2312 869.1663 873.1122 877.069 881.0363 885.0141 889.0023 888.6226 887.088 885.5789 884.0956 882.6381 881.2065 879.8011 878.4219 877.069 875.7426 874.4427 873.1695 871.9232 870.7037 869.5114 868.3461 867.2082 866.0976 865.0145 863.9589 862.931 861.931 860.9587 860.0145 859.0984 858.2103 857.3506 856.5191 855.7161 854.9415 854.1956 853.4781
763.8063 767.4145 771.0383 774.6774 778.3315 782.0006 785.6844 789.3827 793.0952 796.8218 800.5623 804.3165 808.0842 811.8651 815.6592 819.4663 823.2861 827.1185 830.9633 834.8203 838.6895 842.5705 846.4633 850.3676 854.2833 858.2103 862.1485 866.0976 870.0575 874.028 878.0091 882.0005 886.0023 890.014 891.852 890.3511 888.8757 887.426 886.0023 884.6044 883.2327 881.8872 880.568 879.2753 878.0091 876.7697 875.5569 874.3712 873.2125 872.0809 870.9764 869.8994 868.8498 867.8278 866.8333 865.8666 864.9277 864.0168 863.1339 862.2789 861.4523 860.6538 859.8837 859.142 858.4288
760.3453 763.9699 767.6099 771.2652 774.9355 778.6206 782.3203 786.0344 789.7626 793.5049 797.2609 801.0306 804.8137 808.6099 812.4193 816.2414 820.0762 823.9235 827.7832 831.655 835.5388 839.4343 843.3416 847.2603 851.1904 855.1316 859.0838 863.0469 867.0208 871.0052 875 879.0051 883.0204 887.0457 891.0808 895.1257 893.6582 892.2164 890.8002 889.4099 888.0456 886.7074 885.3954 884.1097 882.8505 881.6179 880.4119 879.2326 878.0803 876.955 875.8568 874.7857 873.7419 872.7256 871.7368 870.7755 869.8419 868.9362 868.0582 867.2082 866.3862 865.5923 864.8266 864.0891 863.38
756.9016 760.5425 764.1989 767.8704 771.5569 775.258 778.9737 782.7037 786.4477 790.2057 793.9774 797.7625 801.561 805.3726 809.1971 813.0344 816.8843 820.7466 824.6212 828.5077 832.4061 836.3163 840.238 844.1712 848.1155 852.071 856.0374 860.0145 864.0023 868.0005 872.0092 876.028 880.0568 884.0956 888.1441 892.2023 896.27 897.0089 895.6003 894.2175 892.8606 891.5296 890.2247 888.946 887.6937 886.4677 885.2683 884.0956 882.9496 881.8305 880.7383 879.6732 878.6353 877.6246 876.6413 875.6854 874.7571 873.8564 872.9834 872.1382 871.3209 870.5314 869.7701 869.0368 868.3317
753.4753 757.1328 760.8055 764.4933 768.1959 771.9132 775.6449 779.3908 783.1507 786.9244 790.7117 794.5125 798.3264 802.1534 805.9932 809.8456 813.7106 817.5879 821.4774 825.3787 829.2919 833.2167 837.1529 841.1005 845.0591 849.0289 853.0094 857.0006 861.0023 865.0145 869.0368 873.0693 877.1118 881.164 885.226 889.2975 893.3784 897.4687 900.4027 899.0272 897.6776 896.3537 895.0558 893.7841 892.5385 891.3193 890.1264 888.9601 887.8204 886.7074 885.6213 884.562 883.5298 882.5248 881.5469 880.5964 879.6732 878.7776 877.9094 877.069 876.2562 875.4713 874.7142 873.9851 873.2841
750.0667 753.7407 757.4299 761.134 764.8529 768.5864 772.3341 776.096 779.8718 783.6613 787.4643 791.2806 795.11 798.9525 802.8076 806.6753 810.5554 814.4477 818.352 822.2682 826.1961 830.1356 834.0863 838.0483 842.0214 846.0053 850 854.0052 858.021 862.047 866.0831 870.1293 874.1854 878.2511 882.3265 886.4113 890.5055 894.6088 898.7213 902.8427 902.4965 901.1798 899.8889 898.624 897.3851 896.1724 894.986 893.826 892.6926 891.5857 890.5055 889.4521 888.4256 887.426 886.4536 885.5083 884.5903 883.6996 882.8364 882.0005 881.1924 880.4119 879.659 878.934 878.2369
746.676 750.3666 754.0723 757.7928 761.5281 765.2777 769.0416 772.8195 776.6112 780.4166 784.2353 788.0673 791.9122 795.7701 799.6406 803.5235 807.4187 811.326 815.2454 819.1764 823.1191 827.0732 831.0385 835.015 839.0024 843.0006 847.0095 851.0288 855.0585 859.0984 863.1483 867.2082 871.2778 875.3571 879.4459 883.544 887.6514 891.7679 895.8934 900.0278 904.1709 906.0078 904.7237 903.4656 902.2333 901.0272 899.8472 898.6935 897.5662 896.4653 895.391 894.3433 893.3224 892.3284 891.3613 890.4213 889.5083 888.6226 887.764 886.9329 886.1292 885.353 884.6044 883.8835 883.1902
743.3035 747.0107 750.733 754.47 758.2216 761.9875 765.7676 769.5616 773.3693 777.1904 781.025 784.8726 788.7332 792.6064 796.4923 800.3905 804.301 808.2234 812.1576 816.1036 820.061 824.0297 828.0096 832.0006 836.0024 840.0149 844.0379 848.0714 852.115 856.1688 860.2325 864.3061 868.3893 872.4821 876.5843 880.6957 884.8163 888.946 893.0845 897.2319 901.3878 905.5523 909.5604 908.3088 907.0833 905.8835 904.7099 903.5624 902.4412 901.3462 900.2777 899.2358 898.2205 897.2319 896.27 895.3351 894.4272 893.5463 892.6926 891.866 891.0668 890.2949 889.5505 888.8335 888.1441
739.9493 743.6733 747.4122 751.1658 754.9338 758.716 762.5123 766.3224 770.1461 773.9832 777.8336 781.6969 785.5731 789.4619 793.3631 797.2766 801.2022 805.1397 809.089 813.0498 817.022 821.0055 825 829.0054 833.0216 837.0484 841.0856 845.1331 849.1908 853.2585 857.336 861.4232 865.5201 869.6263 873.7419 877.8668 882.0005 886.1433 890.2949 894.4551 898.624 902.8012 906.9868 911.1805 911.9348 910.7415 909.5741 908.4327 907.3175 906.2285 905.1657 904.1294 903.1196 902.1364 901.1798 900.2499 899.347 898.4709 897.6219 896.7999 896.005 895.2374 894.4971 893.7841 893.0985
736.6139 740.3546 744.1102 747.8803 751.6648 755.4634 759.276 763.1022 766.942 770.795 774.6612 778.5403 782.4321 786.3364 790.2531 794.1819 798.1228 802.0754 806.0397 810.0154 814.0024 818.0006 822.0097 826.0297 830.0602 834.1013 838.1527 842.2144 846.286 850.3676 854.4589 858.5598 862.6703 866.79 870.9191 875.0571 879.2042 883.36 887.5247 891.6978 895.8795 900.0695 904.2676 908.474 912.6884 915.6009 914.4397 913.3044 912.1951 911.1119 910.0549 909.0242 908.0198 907.0419 906.0905 905.1657 904.2676 903.3964 902.5519 901.7344 900.944 900.1805 899.4443 898.7352 898.0535
733.2974 737.0549 740.8273 744.614 748.415 752.23 756.0588 759.9013 763.7571 767.6262 771.5082 775.4031 779.3106 783.2305 787.1626 791.1068 795.0629 799.0306 803.0099 807.0006 811.0024 815.0153 819.0391 823.0735 827.1185 831.1739 835.2395 839.3152 843.4009 847.4963 851.6014 855.7161 859.8401 863.9734 868.1158 872.2672 876.4274 880.5964 884.774 888.9601 893.1545 897.3572 901.5681 905.7869 910.0137 914.2484 918.4906 918.1776 917.0742 915.9967 914.9454 913.9201 912.9211 911.9485 911.0022 910.0824 909.1892 908.3226 907.4828 906.6697 905.8835 905.1243 904.3921 903.6869 903.0089
730 733.7745 737.5635 741.367 745.1846 749.016 752.8612 756.7199 760.5919 764.4769 768.3749 772.2856 776.2087 780.1442 784.0919 788.0514 792.0227 796.0057 800 804.0056 808.0223 812.0499 816.0883 820.1372 824.1966 828.2662 832.3461 836.4359 840.5355 844.6449 848.7638 852.8922 857.0297 861.1765 865.3323 869.497 873.6704 877.8525 882.0431 886.2421 890.4493 894.6647 898.8882 903.1196 907.3588 911.6057 915.8602 920.1223 921.9545 920.8828 919.8369 918.8172 917.8235 916.856 915.9149 915 914.1116 913.2497 912.4144 911.6057 910.8238 910.0687 909.3404 908.6391 907.9648
726.7221 730.5135 734.3194 738.1395 741.9737 745.8217 749.6833 753.5582 757.4464 761.3475 765.2614 769.1879 773.1268 777.0779 781.041 785.0159 789.0026 793.0006 797.01 801.0306 805.0621 809.1044 813.1574 817.2209 821.2947 825.3787 829.4727 833.5767 837.6902 841.8135 845.9462 850.0883 854.2394 858.3997 862.5688 866.7468 870.9334 875.1285 879.3322 883.544 887.764 891.9921 896.2282 900.4721 904.7237 908.983 913.2497 917.5239 921.8053 925.77 924.7297 923.7153 922.7269 921.7646 920.8284 919.9185 919.0348 918.1776 917.3467 916.5424 915.7647 915.0137 914.2894 913.5918 912.9211
723.4639 727.2723 731.0951 734.9319 738.7828 742.6473 746.5253 750.4166 754.3209 758.2381 762.168 766.1103 770.0649 774.0317 778.0103 782.0006 786.0026 790.0158 794.0403 798.0758 802.1222 806.1793 810.2469 814.3249 818.4131 822.5114 826.6196 830.7376 834.8652 839.0024 843.1489 847.3046 851.4693 855.643 859.8256 864.0168 868.2166 872.4248 876.6413 880.866 885.0989 889.3397 893.5883 897.8447 902.1086 906.3802 910.6591 914.9454 919.2388 923.5394 927.847 928.6146 927.6314 926.6741 925.7429 924.8378 923.9589 923.1061 922.2798 921.4798 920.7062 919.9592 919.2388 918.545 917.878
720.2256 724.0511 727.8908 731.7445 735.612 739.493 743.3875 747.2951 751.2157 755.149 759.0948 763.0531 767.0234 771.0059 775 779.0058 783.023 787.0515 791.091 795.1415 799.2027 803.2745 807.3568 811.4493 815.5519 819.6646 823.787 827.9191 832.0607 836.2117 840.3719 844.5413 848.7196 852.9068 857.1027 861.3071 865.5201 869.7413 873.9708 878.2084 882.454 886.7074 890.9686 895.2374 899.5137 903.7975 908.0886 912.387 916.6924 921.0049 925.3243 929.6505 932.5369 931.5847 930.6584 929.7581 928.8837 928.0356 927.2136 926.4178 925.6484 924.9054 924.1888 923.4988 922.8353
717.0077 720.8502 724.7068 728.5774 732.4616 736.3593 740.2702 744.1942 748.131 752.0804 756.0423 760.0164 764.0026 768.0007 772.0104 776.0316 780.0641 784.1078 788.1624 792.2278 796.304 800.3905 804.4874 808.5945 812.7115 816.8384 820.975 825.1212 829.2768 833.4417 837.6157 841.7986 845.9905 850.1912 854.4004 858.6181 862.8441 867.0784 871.3209 875.5712 879.8295 884.0956 888.3693 892.6506 896.9393 901.2353 905.5385 909.8489 914.1663 918.4906 922.8218 927.1597 931.5042 935.8552 935.5747 934.6791 933.8094 932.9657 932.1481 931.3566 930.5912 929.8521 929.1394 928.453 927.7931
713.8102 717.6699 721.5435 725.4309 729.3319 733.2462 737.1736 741.114 745.0671 749.0327 753.0106 757.0007 761.0026 765.0164 769.0416 773.0782 777.1261 781.185 785.2548 789.3351 793.4261 797.5274 801.6389 805.7605 809.892 814.0331 818.184 822.3442 826.5137 830.6925 834.8802 839.0768 843.2823 847.4963 851.7189 855.9498 860.1889 864.4362 868.6915 872.9548 877.2258 881.5044 885.7906 890.0843 894.3853 898.6935 903.0089 907.3312 911.6606 915.9967 920.3396 924.6891 929.0452 933.4077 937.7766 939.601 938.7358 937.8966 937.0833 936.2959 935.5346 934.7994 934.0905 933.4077 932.7513
710.6335 714.5103 718.401 722.3054 726.2231 730.1541 734.0981 738.0549 742.0242 746.006 750 754.006 758.0237 762.0532 766.094 770.1461 774.2093 778.2834 782.3682 786.4636 790.5694 794.6855 798.8116 802.9477 807.0936 811.249 815.414 819.5883 823.7718 827.9644 832.1658 836.3761 840.595 844.8224 849.0583 853.3024 857.5547 861.8149 866.0831 870.3591 874.6428 878.934 883.2327 887.5388 891.852 896.1724 900.4999 904.8342 909.1755 913.5234 917.878 922.2391 926.6067 930.9807 935.3609 939.7473 943.6631 942.8282 942.0191 941.2359 940.4786 939.7473 939.0421 938.3629 937.71
707.4779 711.3719 715.2797 719.2009 723.1356 727.0832 731.0438 735.017 739.0027 743.0007 747.0107 751.0326 755.0662 759.1113 763.1677 767.2353 771.3138 775.4031 779.5031 783.6134 787.7341 791.8649 796.0057 800.1563 804.3165 808.4863 812.6653 816.8537 821.0511 825.2575 829.4727 833.6966 837.929 842.1698 846.4189 850.6762 854.9415 859.2148 863.4958 867.7845 872.0809 876.3846 880.6957 885.0141 889.3397 893.6722 898.0117 902.358 906.7111 911.0708 915.4371 919.8098 924.1888 928.5742 932.9657 937.3633 941.767 946.1765 946.9556 946.1765 945.4232 944.6957 943.9942 943.3186 942.6691
704.3437 708.2549 712.1797 716.118 720.0695 724.0338 728.011 732.0007 736.0027 740.0169 744.043 748.0809 752.1303 756.1911 760.2631 764.3461 768.44 772.5445 776.6595 780.7849 784.9203 789.0659 793.2213 797.3864 801.561 805.745 809.9383 814.1406 818.352 822.5722 826.8011 831.0385 835.2844 839.5386 843.8009 848.0714 852.3497 856.6359 860.9297 865.2312 869.5401 873.8564 878.1799 882.5106 886.8483 891.193 895.5446 899.9028 904.2676 908.6391 913.017 917.4012 921.7917 926.1884 930.5912 935 939.4147 943.8353 948.2616 951.1177 950.3683 949.6447 948.9468 948.2747 947.6286
701.2311 705.1595 709.1016 713.0568 717.0251 721.0062 725 729.0062 733.0245 737.0549 741.0972 745.151 749.2162 753.2928 757.3804 761.4788 765.588 769.7078 773.8378 777.9781 782.1285 786.2888 790.4587 794.6383 798.8273 803.0255 807.2329 811.4493 815.6746 819.9085 824.1511 828.4021 832.6614 836.9289 841.2045 845.488 849.7794 854.0784 858.3851 862.6993 867.0208 871.3495 875.6854 880.0284 884.3783 888.735 893.0985 897.4687 901.8453 906.2285 910.6179 915.0137 919.4156 923.8235 928.2375 932.6575 937.0833 941.5147 945.9519 950.3947 954.8429 954.5942 953.8999 953.2313 952.5886
698.1404 702.0862 706.0453 710.0176 714.0028 718.0007 722.0111 726.0338 730.0685 734.1151 738.1734 742.2432 746.3243 750.4166 754.5197 758.6337 762.7582 766.8931 771.0383 775.1935 779.3587 783.5337 787.7182 791.9122 796.1155 800.3281 804.5496 808.78 813.019 817.2668 821.5229 825.7875 830.0602 834.3411 838.6298 842.9265 847.2308 851.5427 855.8621 860.1889 864.523 868.8642 873.2125 877.5677 881.9297 886.2985 890.6739 895.0558 899.4443 903.8391 908.2401 912.6473 917.0605 921.4798 925.905 930.3359 934.7727 939.2151 943.6631 948.1166 952.5754 957.0397 958.8535 958.1884 957.549
