gisdata/paricatuba/elevation.asc
ncols         612
nrows         600
xllcorner     735395.55511453
yllcorner     9840965.1989136
cellsize      5
NODATA_value  -9999
[rows 448 to 475 of 600, columns 189 to 251 of 612]
10.98472 11.16623 11.32957 11.47819 11.61688 11.752 11.89143 12.03822 12.18621 12.32939 12.46288 12.58291 12.68679 12.77289 12.84052 12.88993 12.92215 12.93889 12.94241 12.93526 12.92007 12.89935 12.87547 12.8506 12.8267 12.80545 12.78826 12.77627 12.77034 12.77102 12.7786 12.79308 12.81416 12.84129 12.87341 12.90883 12.94867 12.99436 13.04712 13.10784 13.17691 13.25415 13.33874 13.42918 13.52328 13.61823 13.71061 13.79652 13.87166 13.93148 13.97136 13.98682 13.97368 13.92838 13.84832 13.73227 13.58089 13.39672 13.18395 12.94827 12.69672 12.43754 12.17138
11.06806 11.24709 11.40689 11.55109 11.6847 11.81426 11.94786 12.08788 12.22817 12.36306 12.48802 12.59957 12.69532 12.77386 12.83473 12.87831 12.90574 12.91878 12.91965 12.91085 12.89491 12.87424 12.85106 12.82739 12.80498 12.78533 12.76964 12.75887 12.75368 12.75451 12.76149 12.77457 12.79343 12.81755 12.84597 12.87714 12.91213 12.9523 12.99881 13.05252 13.11384 13.18262 13.25811 13.33892 13.42299 13.50765 13.58963 13.6652 13.73024 13.78038 13.81119 13.81833 13.79782 13.74626 13.66122 13.54163 13.38814 13.20316 12.99074 12.75643 12.50706 12.25062 11.98751
11.23176 11.40832 11.56407 11.70284 11.8299 11.95208 12.07769 12.20833 12.33793 12.46133 12.57447 12.6743 12.7588 12.8269 12.87838 12.9138 12.93439 12.94195 12.93864 12.92684 12.90893 12.88718 12.86363 12.84008 12.81808 12.79889 12.7835 12.77264 12.76681 12.76627 12.77106 12.78104 12.79588 12.81512 12.83795 12.863 12.8913 12.92415 12.96268 13.00769 13.0596 13.11829 13.18308 13.25266 13.3251 13.39786 13.46785 13.53152 13.58495 13.62397 13.64437 13.64203 13.61318 13.55468 13.46432 13.34117 13.18589 13.00079 12.78973 12.55804 12.31231 12.06022 11.80192
11.47165 11.64567 11.79685 11.92924 12.0484 12.16148 12.27705 12.39583 12.51189 12.62076 12.71895 12.804 12.87434 12.92928 12.96891 12.994 13.00587 13.00632 12.99742 12.9814 12.96047 12.93666 12.9118 12.88746 12.86492 12.84519 12.82902 12.81692 12.80919 12.80591 12.80703 12.81234 12.82152 12.83416 12.84963 12.8668 12.88667 12.91051 12.93939 12.97409 13.01502 13.06207 13.11462 13.17145 13.23073 13.29008 13.34658 13.39688 13.43727 13.46383 13.47258 13.45969 13.42165 13.3556 13.25957 13.1328 12.97596 12.79126 12.58238 12.35437 12.11354 11.86723 11.6153
11.78042 11.95171 12.09779 12.22292 12.33294 12.43536 12.53903 12.64368 12.74364 12.8352 12.91565 12.98316 13.03672 13.07611 13.10174 13.11458 13.11609 13.10802 13.09236 13.07112 13.04629 13.01966 12.99277 12.9669 12.94307 12.92199 12.90416 12.88985 12.87914 12.87196 12.86814 12.86742 12.86949 12.87402 12.88057 12.88828 12.89816 12.91147 12.92921 12.95215 12.98067 13.01469 13.05362 13.09631 13.14107 13.18564 13.2273 13.2629 13.28898 13.30189 13.29792 13.27354 13.22557 13.15143 13.0494 12.9189 12.76063 12.5767 12.37059 12.14711 11.9122 11.67283 11.42859
12.14765 12.31591 12.45634 12.57337 12.67316 12.76356 12.85371 12.94229 13.02392 13.09585 13.15618 13.20384 13.23847 13.26032 13.27018 13.26927 13.25911 13.24146 13.21813 13.19095 13.16162 13.13163 13.10222 13.07434 13.04869 13.0257 13.00556 12.98831 12.9738 12.96182 12.95205 12.94421 12.93799 12.93319 12.92953 12.92647 12.92508 12.92657 12.93193 12.94189 12.95682 12.97663 13.00077 13.02818 13.05725 13.0859 13.11159 13.13139 13.1421 13.14036 13.12278 13.08614 13.02761 12.9449 12.83658 12.70219 12.54251 12.35955 12.15662 11.93823 11.70998 11.47843 11.24287
12.55996 12.72475 12.85891 12.96708 13.05569 13.13294 13.20827 13.27924 13.34082 13.39129 13.4297 13.45578 13.46986 13.47274 13.4656 13.44988 13.42721 13.39928 13.36777 13.33426 13.30013 13.26655 13.2344 13.20429 13.17658 13.15136 13.12855 13.10791 13.08909 13.07169 13.0553 13.03957 13.02424 13.00919 12.99438 12.9796 12.96598 12.95471 12.94676 12.94283 12.94327 12.948 12.95649 12.96774 12.98027 12.99214 13.00101 13.00417 12.99871 12.98156 12.94968 12.9002 12.8306 12.73895 12.62403 12.48558 12.32441 12.14248 11.9429 11.72991 11.50876 11.28558 11.05937
13.0012 13.16191 13.28917 13.38777 13.46443 13.52768 13.58725 13.63951 13.67987 13.7077 13.72304 13.72649 13.7191 13.70223 13.67746 13.64646 13.61094 13.57254 13.53275 13.49289 13.45401 13.41692 13.38212 13.34986 13.32012 13.29268 13.26713 13.24298 13.21966 13.19658 13.17325 13.14925 13.12437 13.0986 13.07211 13.04506 13.01865 12.99406 12.97226 12.95392 12.93934 12.92847 12.9208 12.91538 12.91085 12.90542 12.89693 12.88294 12.8608 12.82777 12.78115 12.71841 12.6374 12.53649 12.41471 12.27199 12.10917 11.92816 11.73191 11.52438 11.31046 11.09586 10.8793
13.4527 13.60857 13.72823 13.81665 13.88078 13.92949 13.97275 14.00577 14.02439 14.02913 14.02103 14.00159 13.97257 13.93591 13.89357 13.84746 13.79935 13.75078 13.70309 13.65728 13.61409 13.57391 13.53689 13.50285 13.47144 13.44207 13.41405 13.3866 13.35894 13.33031 13.30011 13.26789 13.23347 13.19693 13.1587 13.11929 13.07999 13.042 13.00625 12.97339 12.94371 12.91714 12.8932 12.87101 12.84929 12.82642 12.80043 12.76912 12.73013 12.68104 12.61949 12.54331 12.45069 12.34031 12.21147 12.06424 11.89953 11.7192 11.52604 11.32375 11.11689 10.91074 10.70377
13.89359 14.0437 14.15506 14.23278 14.28405 14.31803 14.34491 14.35873 14.35583 14.33781 14.30675 14.26501 14.21507 14.15938 14.10031 14.03994 13.98011 13.92228 13.86755 13.81666 13.76995 13.72748 13.68895 13.65385 13.62141 13.59075 13.56084 13.53066 13.49919 13.46553 13.42897 13.38902 13.34552 13.29869 13.24914 13.19781 13.14603 13.09503 13.04572 12.99872 12.95432 12.91241 12.87255 12.83391 12.79532 12.75529 12.71205 12.66366 12.60801 12.543 12.46662 12.37704 12.2728 12.15286 12.01679 11.86481 11.69791 11.51788 11.32738 11.12988 10.9296 10.73144 10.53363
14.31896 14.46237 14.56474 14.6313 14.66947 14.68866 14.69928 14.69422 14.67029 14.6302 14.57699 14.51387 14.44399 14.37034 14.2956 14.22207 14.15161 14.08556 14.02482 13.96981 13.92054 13.87665 13.83748 13.80211 13.76943 13.73821 13.70712 13.67488 13.64025 13.60219 13.55985 13.51273 13.4607 13.40407 13.3437 13.28087 13.21704 13.15341 13.09091 13.03012 12.97129 12.91433 12.85881 12.80397 12.74874 12.69177 12.63149 12.56619 12.49406 12.41329 12.32219 12.21931 12.1035 11.97403 11.83071 11.67391 11.50468 11.3248 11.13675 10.94377 10.74979 10.55933 10.37036
14.74517 14.88102 14.97367 15.02851 15.05319 15.05736 15.05161 15.02772 14.98297 14.92111 14.84617 14.76215 14.67286 14.58181 14.49201 14.40593 14.32545 14.25181 14.18569 14.12719 14.07597 14.03128 13.99207 13.95704 13.92471 13.89349 13.86178 13.828 13.79071 13.74867 13.70095 13.64699 13.58669 13.52047 13.4494 13.37518 13.29935 13.2231 13.14736 13.07267 12.99928 12.9271 12.85573 12.78446 12.71236 12.63824 12.56073 12.47836 12.38959 12.29295 12.18709 12.07087 11.94349 11.80453 11.65401 11.49249 11.32106 11.14143 10.95594 10.76759 10.57998 10.39723 10.21708
15.16587 15.29319 15.37535 15.41793 15.42876 15.41778 15.39571 15.35327 15.28814 15.20513 15.10915 15.00497 14.89706 14.78938 14.68527 14.58737 14.49757 14.41701 14.34614 14.28476 14.23219 14.18729 14.14864 14.11456 14.08321 14.05267 14.021 13.98638 13.94711 13.9018 13.84939 13.78927 13.72135 13.64617 13.56499 13.47994 13.39261 13.30421 13.21562 13.12739 13.03974 12.95259 12.86557 12.77809 12.68932 12.59823 12.50368 12.40442 12.29922 12.1869 12.06642 11.937 11.79814 11.64972 11.492 11.32568 11.1519 10.9723 10.78908 10.60497 10.42325 10.24767 10.07572
15.57425 15.69193 15.76279 15.79254 15.78926 15.76311 15.72494 15.66442 15.57965 15.47636 15.36032 15.23702 15.1115 14.98817 14.87068 14.76181 14.6635 14.57675 14.50181 14.4382 14.38489 14.3404 14.30295 14.27049 14.24084 14.21174 14.18095 14.14634 14.10602 14.05839 14.00227 13.93698 13.86247 13.77934 13.68907 13.59416 13.49626 13.39656 13.29594 13.1949 13.09367 12.99217 12.89012 12.78699 12.6821 12.57459 12.46353 12.34792 12.22677 12.09921 11.9645 11.82215 11.67199 11.51416 11.34914 11.17778 11.00127 10.82117 10.63951 10.4588 10.28202 10.11254 9.947666
15.96381 16.07067 16.12934 16.14573 16.12814 16.08693 16.03304 15.95514 15.85167 15.72924 15.59436 15.45318 15.31128 15.17348 15.04369 14.92486 14.81891 14.7268 14.64853 14.58337 14.52998 14.48657 14.45102 14.42094 14.39381 14.36705 14.3381 14.30457 14.26432 14.21555 14.15697 14.08782 14.00803 13.91831 13.8203 13.71684 13.60964 13.49986 13.38832 13.27554 13.16171 13.04681 12.93062 12.81271 12.69255 12.56946 12.4427 12.31151 12.17516 12.03301 11.88463 11.72978 11.56856 11.40137 11.2289 11.05214 10.8723 10.69087 10.50974 10.3312 10.15796 9.993105 9.833719
16.32877 16.42352 16.4691 16.47166 16.43966 16.38362 16.31454 16.22012 16.09909 15.95884 15.80654 15.64893 15.49206 15.3411 15.20022 15.07251 14.95992 14.86331 14.78252 14.71656 14.66381 14.62222 14.58935 14.56251 14.53884 14.51544 14.48945 14.45821 14.41932 14.37081 14.31123 14.23976 14.1563 14.0616 13.95748 13.84708 13.7321 13.61368 13.49261 13.36936 13.24416 13.11702 12.9878 12.85621 12.72184 12.58422 12.44278 12.29699 12.14635 11.99046 11.8291 11.66229 11.49033 11.31384 11.13372 10.95107 10.76712 10.58331 10.40137 10.22346 10.05205 9.889969 9.734153
16.66433 16.74561 16.77725 16.76558 16.71919 16.64869 16.56505 16.45508 16.31778 16.16116 15.993 15.82053 15.6502 15.48751 15.33684 15.20141 15.08321 14.98304 14.90057 14.83461 14.78331 14.74437 14.71507 14.69241 14.67324 14.65434 14.63255 14.60493 14.56886 14.52217 14.46324 14.39116 14.30581 14.20797 14.09958 13.98403 13.86299 13.73755 13.60847 13.4762 13.34098 13.2029 13.06191 12.91786 12.7705 12.61951 12.46455 12.30528 12.14138 11.97268 11.79916 11.621 11.43868 11.253 11.06499 10.87588 10.6869 10.49944 10.31516 10.13607 9.964536 9.803145 9.648739
16.96697 17.03343 17.05037 17.02419 16.96353 16.87899 16.78148 16.65701 16.50475 16.33329 16.15088 15.96518 15.78298 15.61004 15.45094 15.30901 15.18627 15.08348 15.00023 14.93513 14.88616 14.85077 14.82601 14.80859 14.79504 14.78186 14.7656 14.74305 14.71135 14.66812 14.61159 14.54075 14.45542 14.3564 14.24573 14.12694 14.00167 13.87093 13.73544 13.59564 13.45183 13.30417 13.15273 12.99751 12.83841 12.6753 12.50803 12.33642 12.16037 11.97986 11.79501 11.60617 11.41393 11.21917 11.02303 10.82682 10.63179 10.43929 10.25098 10.06881 9.895031 9.732124 9.576841
17.23487 17.28521 17.28675 17.24582 17.17101 17.07285 16.96215 16.82419 16.65829 16.47348 16.27843 16.08114 15.88866 15.70698 15.54083 15.39363 15.26745 15.16303 15.07991 15.01659 14.97089 14.94005 14.92086 14.90976 14.90301 14.89682 14.88746 14.87146 14.84573 14.80767 14.75536 14.68765 14.60431 14.50612 14.39518 14.27514 14.14749 14.01318 13.87287 13.72705 13.57606 13.42018 13.25961 13.09449 12.92491 12.75092 12.57253 12.38974 12.20261 12.01125 11.81592 11.61705 11.4153 11.21161 11.00712 10.80314 10.60098 10.40204 10.20799 10.02078 9.842651 9.675997 9.517537
17.4683 17.50116 17.48651 17.43048 17.34153 17.23005 17.10674 16.95621 16.77789 16.58118 16.37505 16.16774 15.96655 15.77762 15.6058 15.45459 15.3261 15.22108 15.13905 15.07847 15.037 15.0117 14.99911 14.99544 14.99667 14.99873 14.99765 14.98969 14.97151 14.94031 14.89401 14.83132 14.75191 14.65652 14.54729 14.42791 14.29972 14.16351 14.01995 13.86955 13.71276 13.54996 13.38152 13.20773 13.02887 12.84516 12.65677 12.46389 12.26668 12.06538 11.86033 11.65202 11.44114 11.22859 11.0155 10.80314 10.59285 10.38615 10.18476 9.990674 9.806157 9.633616 9.469769
17.66889 17.68294 17.65117 17.57954 17.47629 17.35167 17.21618 17.05388 16.86424 16.65693 16.44115 16.22534 16.01693 15.82219 15.64606 15.4921 15.36246 15.25791 15.17798 15.1211 15.08483 15.06603 15.06106 15.06588 15.07623 15.08778 15.0963 15.09779 15.0887 15.06601 15.02743 14.97154 14.8979 14.80719 14.70152 14.5846 14.45755 14.32105 14.17571 14.02211 13.86079 13.6923 13.51715 13.33582 13.14876 12.95639 12.75904 12.55702 12.35064 12.14021 11.92612 11.70887 11.48913 11.26776 11.04582 10.82454 10.6053 10.38969 10.17952 9.976904 9.784161 9.603779 9.432513
17.83894 17.83296 17.78315 17.69533 17.57752 17.43978 17.29241 17.11898 16.91898 16.70226 16.47815 16.25522 16.041 15.84183 15.6627 15.50723 15.3776 15.27462 15.19781 15.14558 15.11543 15.10407 15.10768 15.122 15.14254 15.16472 15.18408 15.19636 15.19777 15.18509 15.15582 15.10838 15.0422 14.95786 14.85744 14.7446 14.62024 14.48488 14.33911 14.18355 14.01888 13.84578 13.66494 13.47706 13.28278 13.08267 12.87725 12.66696 12.4522 12.23333 12.01078 11.78502 11.55667 11.32651 11.09552 10.8649 10.63603 10.41057 10.19045 9.977889 9.775336 9.585413 9.404956
17.98104 17.95398 17.88532 17.78074 17.64808 17.49718 17.33815 17.15413 16.94459 16.71949 16.48825 16.25949 16.04076 15.83844 15.65758 15.50179 15.3733 15.27294 15.20025 15.15363 15.13049 15.12745 15.14052 15.16526 15.19696 15.23082 15.26211 15.28637 15.29955 15.29822 15.27967 15.24214 15.18491 15.10843 15.01471 14.90736 14.78703 14.65408 14.50905 14.35263 14.18561 14.00884 13.82321 13.62963 13.42894 13.2219 13.00918 12.79134 12.56887 12.34218 12.11168 11.87779 11.64107 11.4022 11.16208 10.92183 10.68285 10.44686 10.21587 9.992249 9.778612 9.577758 9.386644
18.09778 18.04884 17.9607 17.83892 17.69118 17.52711 17.3566 17.16245 16.94413 16.71161 16.47433 16.24089 16.01886 15.81461 15.63319 15.47822 15.35195 15.25523 15.18761 15.14747 15.13218 15.13827 15.16161 15.19758 15.24129 15.2877 15.33188 15.36913 15.39516 15.40632 15.39969 15.37331 15.32627 15.2589 15.17311 15.07242 14.95723 14.82775 14.68445 14.52807 14.35953 14.17988 13.9902 13.79163 13.58521 13.37189 13.15252 12.92776 12.69818 12.4642 12.22622 11.9846 11.7398 11.49239 11.24317 10.9932 10.74386 10.4969 10.25444 10.01898 9.793326 9.580503 9.377625
18.19153 18.12023 18.01225 17.87305 17.71015 17.53298 17.35123 17.14745 16.92105 16.68201 16.4397 16.20268 15.97848 15.77343 15.59254 15.43945 15.31641 15.22427 15.1626 15.12977 15.12309 15.13903 15.17333 15.22122 15.27762 15.33732 15.39514 15.44618 15.48592 15.51048 15.51672 15.50247 15.46663 15.40937 15.33246 15.23936 15.13021 15.00501 14.86421 14.70859 14.5392 14.35728 14.16415 13.96115 13.74956 13.53053 13.30505 13.07392 12.83775 12.597 12.35202 12.1031 11.85059 11.59494 11.33684 11.07726 10.81755 10.55948 10.30527 10.05755 9.819337 9.593892 9.378523
18.26431 18.17054 18.04269 17.88613 17.70823 17.51823 17.32561 17.11277 16.87905 16.63436 16.38802 16.14847 15.92316 15.71836 15.53903 15.38881 15.26992 15.18323 15.1283 15.1035 15.1061 15.13249 15.17831 15.23865 15.30828 15.38178 15.4538 15.51921 15.57327 15.61188 15.63168 15.63028 15.60638 15.55994 15.49263 15.40779 15.30531 15.18501 15.04727 14.89294 14.7232 14.53948 14.34335 14.13637 13.92007 13.69579 13.46468 13.22767 12.98542 12.73842 12.48695 12.23124 11.97151 11.70808 11.44151 11.17269 10.90289 10.63391 10.36802 10.108 9.857075 9.618763 9.390587
18.31775 18.20181 18.05445 17.88093 17.68847 17.48615 17.28324 17.06203 16.82184 16.57247 16.32309 16.08204 15.85667 15.65312 15.47634 15.32988 15.21599 15.13552 15.08803 15.07187 15.08429 15.1216 15.17934 15.2525 15.33568 15.42331 15.50984 15.58994 15.65868 15.71172 15.7455 15.75739 15.74588 15.71073 15.65345 15.57732 15.48191 15.3669 15.23259 15.0799 14.91015 14.72499 14.5262 14.31562 14.09499 13.86587 13.62958 13.38716 13.13935 12.88663 12.62926 12.36736 12.10104 11.83048 11.55609 11.27864 10.99934 10.71997 10.44285 10.17091 9.907544 9.656548 9.415677
18.35303 18.21568 18.04956 17.85987 17.65366 17.43981 17.22742 16.99876 16.75309 16.50008 16.24874 16.00728 15.78287 15.58158 15.40825 15.26641 15.15827 15.08469 15.04523 15.03821 15.06085 15.10939 15.1793 15.26544 15.36229 15.46412 15.56521 15.66006 15.74355 15.81113 15.85901 15.88435 15.88542 15.86176 15.81472 15.74748 15.65935 15.54981 15.41914 15.26829 15.09876 14.91239 14.71123 14.49735 14.27274 14.03917 13.79814 13.55081 13.29798 13.04016 12.77755 12.5102 12.23808 11.96123 11.6799 11.39473 11.10683 10.81795 10.53045 10.24736 9.972272 9.709213 9.456198
