gisdata/paricatuba/elevation.asc
ncols         612
nrows         600
xllcorner     735395.55511453
yllcorner     9840965.1989136
cellsize      5
NODATA_value  -9999
[rows 476 to 503 of 600, columns 0 to 62 of 612]
19.88905 19.94732 20.00715 20.06886 20.13276 20.19916 20.26832 20.34051 20.41597 20.49492 20.57756 20.66409 20.7547 20.84958 20.94892 21.05292 21.16179 21.27576 21.39511 21.52015 21.65123 21.78873 21.93308 22.08468 22.24395 22.41121 22.58666 22.77032 22.96203 23.16193 23.37037 23.58729 23.81225 24.04442 24.28258 24.52513 24.77003 25.01487 25.25687 25.49289 25.71954 25.93324 26.13037 26.30742 26.46114 26.58879 26.6883 26.7584 26.79884 26.81037 26.79482 26.75509 26.69511 26.61973 26.53472 26.44657 26.3614 26.27397 26.18391 26.09365 26.0055 25.92153 25.8434
20.2639 20.32509 20.38692 20.44959 20.51334 20.57837 20.64487 20.71303 20.78304 20.85508 20.92937 21.00617 21.08574 21.16838 21.25445 21.3443 21.43835 21.53705 21.64089 21.75043 21.8663 21.98915 22.11971 22.25869 22.40679 22.56462 22.73265 22.91106 23.09978 23.29899 23.50912 23.73004 23.96113 24.20128 24.44894 24.70214 24.95846 25.21508 25.46881 25.7161 25.95316 26.17603 26.38071 26.56334 26.72041 26.84896 26.9468 27.0127 27.04653 27.04928 27.02311 26.97128 26.89814 26.809 26.71007 26.60833 26.51028 26.41011 26.30757 26.20541 26.10625 26.01234 25.9255
20.63951 20.70339 20.767 20.83047 20.89396 20.95758 21.02146 21.08572 21.15051 21.21601 21.28243 21.35006 21.41926 21.49043 21.56403 21.64058 21.72066 21.80491 21.89402 21.98878 22.09004 22.19872 22.31582 22.44234 22.57927 22.72753 22.8878 23.06051 23.24566 23.44348 23.65444 23.87834 24.11437 24.36118 24.61689 24.87919 25.14531 25.41206 25.67587 25.93283 26.17877 26.40936 26.62027 26.8073 26.96665 27.09515 27.19052 27.25155 27.27825 27.27185 27.23485 27.17088 27.08467 26.98196 26.8694 26.75439 26.64381 26.53135 26.41683 26.30334 26.19372 26.09045 25.99545
21.01269 21.07903 21.14424 21.20838 21.27154 21.33378 21.39516 21.45577 21.51572 21.57516 21.63433 21.69354 21.75321 21.81383 21.87598 21.94029 22.00749 22.07835 22.15375 22.23467 22.32216 22.41738 22.52156 22.63596 22.76186 22.90044 23.05268 23.21918 23.40009 23.59567 23.80642 24.03205 24.27157 24.52337 24.78532 25.0548 25.32872 25.60357 25.87544 26.1401 26.39305 26.62964 26.84519 27.03521 27.19563 27.32305 27.41508 27.47055 27.48963 27.47383 27.42593 27.34994 27.25095 27.13509 27.0094 26.88168 26.75914 26.63502 26.50925 26.38516 26.26583 26.1539 26.05139
21.38102 21.44961 21.51625 21.58098 21.64381 21.70477 21.76387 21.82117 21.87674 21.93073 21.98338 22.03504 22.08617 22.13735 22.18922 22.24253 22.29809 22.35682 22.41975 22.48799 22.56277 22.64544 22.73743 22.84023 22.95537 23.08427 23.22819 23.38797 23.56388 23.75622 23.9655 24.19133 24.43256 24.68737 24.9534 25.22777 25.50712 25.78767 26.06523 26.33528 26.59304 26.83357 27.05194 27.24335 27.40347 27.52868 27.61648 27.66573 27.6768 27.65146 27.5928 27.50513 27.39389 27.26553 27.12745 26.9878 26.85409 26.7192 26.5831 26.44934 26.32119 26.2014 26.09213
21.74285 21.81348 21.88145 21.94673 22.00929 22.06912 22.12623 22.18062 22.23237 22.2816 22.32857 22.37364 22.41733 22.46026 22.50315 22.5468 22.59213 22.64015 22.69198 22.74887 22.81218 22.8834 22.96412 23.05602 23.1608 23.28014 23.41551 23.56802 23.73807 23.926 24.13233 24.35656 24.59741 24.85292 25.12053 25.39716 25.67925 25.96278 26.24333 26.51614 26.77622 27.01839 27.23747 27.42847 27.58679 27.7086 27.79128 27.83375 27.83657 27.80177 27.7327 27.63394 27.51121 27.37127 27.22178 27.07122 26.92736 26.78277 26.63746 26.49513 26.35917 26.23246 26.11721
22.09731 22.16983 22.23902 22.30484 22.36723 22.42614 22.48157 22.53352 22.58204 22.62726 22.66942 22.70893 22.74632 22.78227 22.81753 22.85297 22.88954 22.92834 22.97057 23.01756 23.07076 23.13178 23.20231 23.28418 23.37921 23.48923 23.61593 23.76061 23.92385 24.10605 24.30769 24.52824 24.76635 25.01995 25.28637 25.56237 25.84424 26.12776 26.40835 26.68107 26.94073 27.18199 27.3995 27.5881 27.743 27.86019 27.9369 27.97214 27.96667 27.92273 27.84387 27.73487 27.60168 27.45128 27.2916 27.13136 26.97856 26.82554 26.6723 26.52264 26.38002 26.24738 26.12697
22.44433 22.51856 22.5889 22.65527 22.7176 22.77583 22.82992 22.87989 22.92578 22.96773 23.00598 23.04095 23.07322 23.10345 23.13245 23.1611 23.19042 23.22153 23.25568 23.29427 23.33882 23.39098 23.45253 23.52536 23.61139 23.71253 23.83056 23.96692 24.12235 24.29729 24.49228 24.70686 24.93965 25.18855 25.45082 25.72315 26.00166 26.28206 26.5596 26.82922 27.08559 27.32326 27.53677 27.72083 27.87058 27.98189 28.05189 28.07968 28.06614 28.01362 27.92582 27.80765 27.66523 27.50572 27.33724 27.16872 27.00835 26.8483 26.68853 26.53287 26.3848 26.24727 26.12254
22.78465 22.8604 22.93178 22.9987 23.06107 23.11882 23.1719 23.22033 23.26417 23.30355 23.33874 23.37016 23.39839 23.42412 23.44816 23.47141 23.49492 23.51983 23.54742 23.57911 23.61645 23.66113 23.71494 23.7798 23.85766 23.95045 24.05996 24.18764 24.33418 24.50022 24.68653 24.89275 25.11759 25.35895 25.61409 25.87963 26.15166 26.42577 26.69716 26.96066 27.21088 27.44228 27.64933 27.82672 27.96955 28.07373 28.13644 28.15676 28.13557 28.07524 27.97951 27.85341 27.70315 27.536 27.36024 27.18496 27.01849 26.85289 26.68804 26.52773 26.37543 26.23402 26.10575
23.1198 23.19683 23.26911 23.33653 23.399 23.45642 23.50876 23.55604 23.59832 23.63575 23.66863 23.69737 23.72256 23.74487 23.76513 23.78426 23.80329 23.82339 23.84583 23.87204 23.90355 23.94205 23.98932 24.04724 24.11773 24.20268 24.3038 24.42241 24.55912 24.71478 24.89049 25.08611 25.30047 25.53157 25.7767 26.03248 26.29499 26.55981 26.82207 27.07659 27.31792 27.54051 27.73883 27.90758 28.04194 28.13792 28.19285 28.20574 28.17737 28.11005 28.00751 27.87478 27.71812 27.54488 27.36341 27.18292 27.01186 26.84219 26.67368 26.51003 26.35461 26.21025 26.07909
23.45197 23.52997 23.60294 23.67074 23.73327 23.79044 23.84223 23.88863 23.92975 23.96574 23.99691 24.0237 24.04666 24.06648 24.08399 24.10009 24.11583 24.13235 24.15091 24.1729 24.19984 24.23334 24.27514 24.32704 24.39086 24.46836 24.56112 24.67028 24.79639 24.94047 25.10398 25.28703 25.48867 25.70705 25.93955 26.18287 26.43311 26.68587 26.93631 27.17924 27.40924 27.62077 27.80838 27.96684 28.09146 28.17843 28.22517 28.23067 28.19557 28.12205 28.01377 27.8757 27.71407 27.53624 27.3506 27.16644 26.99226 26.81996 26.64912 26.4833 26.32574 26.17915 26.04559
23.77926 23.85812 23.93172 23.99992 24.06262 24.11974 24.17125 24.21717 24.2576 24.29274 24.3229 24.3485 24.37011 24.38842 24.40422 24.41842 24.43203 24.44617 24.46206 24.48104 24.50454 24.53411 24.57135 24.61796 24.67561 24.74587 24.83014 24.92941 25.04415 25.17556 25.3254 25.49411 25.68098 25.88438 26.10185 26.33019 26.56561 26.80377 27.03989 27.26884 27.48526 27.68372 27.85884 28.00556 28.11934 28.19653 28.23467 28.23272 28.19118 28.1121 27.99899 27.8567 27.6914 27.51039 27.32205 27.13568 26.95983 26.7863 26.61444 26.44763 26.2889 26.14084 26.00537
24.09911 24.17879 24.25306 24.32178 24.38484 24.44218 24.49376 24.53964 24.57992 24.61482 24.64465 24.66986 24.69099 24.70872 24.72383 24.73719 24.74977 24.76266 24.777 24.79404 24.81513 24.84167 24.87515 24.91705 24.96887 25.03199 25.10758 25.19651 25.29919 25.41697 25.55189 25.70472 25.87504 26.06148 26.26177 26.4729 26.69121 26.91249 27.13205 27.34489 27.54577 27.72938 27.89049 28.02422 28.12623 28.19302 28.2222 28.21274 28.16502 28.08094 27.96381 27.81836 27.65059 27.46772 27.27805 27.09085 26.91468 26.74123 26.5696 26.40287 26.24389 26.09503 25.95811
24.40964 24.49013 24.56512 24.63446 24.69806 24.75586 24.80784 24.85406 24.89466 24.92986 24.95998 24.98547 25.00686 25.02482 25.04009 25.05351 25.06601 25.07858 25.09231 25.10833 25.12785 25.15212 25.18244 25.22009 25.26635 25.32237 25.38914 25.46737 25.55745 25.66084 25.77987 25.91561 26.06797 26.23584 26.41722 26.6093 26.80862 27.01112 27.2123 27.4073 27.59103 27.75837 27.9043 28.02411 28.11365 28.1696 28.18965 28.17273 28.11915 28.03062 27.91027 27.76263 27.59353 27.41002 27.2203 27.03354 26.85826 26.68606 26.51572 26.35002 26.19155 26.04247 25.90445
24.70883 24.79008 24.8658 24.93583 25.0001 25.05854 25.11117 25.15806 25.19934 25.23526 25.26615 25.29244 25.31468 25.33348 25.34958 25.36377 25.3769 25.3899 25.40375 25.41945 25.43805 25.46062 25.48826 25.52201 25.56292 25.6119 25.66975 25.73705 25.81415 25.90264 26.0051 26.12292 26.2563 26.40444 26.56562 26.7373 26.91622 27.09855 27.27997 27.45584 27.62127 27.77135 27.90127 28.00656 28.08325 28.12817 28.13909 28.11493 28.05589 27.96352 27.84075 27.69187 27.52249 27.33949 27.15086 26.96567 26.79235 26.6224 26.45426 26.29037 26.13302 25.98416 25.84529
24.99449 25.07642 25.15281 25.22354 25.28853 25.34773 25.40116 25.44889 25.4911 25.52802 25.55998 25.58743 25.61088 25.63095 25.64831 25.66373 25.67799 25.69192 25.70638 25.72224 25.74038 25.76167 25.78697 25.8171 25.85283 25.89486 25.94379 26.00007 26.06404 26.13737 26.22291 26.32232 26.43613 26.56386 26.70406 26.85448 27.01213 27.17341 27.33424 27.4902 27.63666 27.76892 27.88244 27.97295 28.03671 28.07067 28.07269 28.04168 27.97772 27.8822 27.75783 27.60864 27.44 27.25854 27.07206 26.88943 26.71896 26.5521 26.38692 26.22545 26.06969 25.92134 25.78176
25.26435 25.34678 25.42373 25.49507 25.56073 25.62067 25.67492 25.72356 25.76677 25.80478 25.83793 25.86667 25.8915 25.91301 25.93185 25.94872 25.96435 25.97947 25.99481 26.01111 26.02906 26.04931 26.07251 26.09921 26.12994 26.16516 26.20527 26.25063 26.30152 26.35971 26.4283 26.50921 26.60331 26.71041 26.82938 26.95824 27.0943 27.2342 27.37415 27.50996 27.63726 27.75162 27.84875 27.92462 27.97569 27.99907 27.99267 27.95538 27.8872 27.78932 27.66421 27.51566 27.34873 27.16979 26.98639 26.80718 26.64033 26.47723 26.31556 26.15696 26.00309 25.85541 25.71513
25.51604 25.59873 25.67601 25.74777 25.81393 25.87447 25.92942 25.97886 26.02296 26.06198 26.09625 26.12619 26.15233 26.17522 26.19549 26.21379 26.23077 26.24709 26.26335 26.28015 26.29798 26.31732 26.33854 26.36197 26.38788 26.4165 26.44804 26.48272 26.52082 26.56418 26.61612 26.67885 26.75353 26.84028 26.93828 27.04584 27.16055 27.27933 27.39865 27.5146 27.62308 27.71993 27.80111 27.86286 27.90183 27.91528 27.90119 27.85843 27.78687 27.68754 27.56264 27.41566 27.25139 27.07588 26.8964 26.72135 26.55873 26.3999 26.24215 26.08672 25.93489 25.7879 25.6468
25.74723 25.82981 25.90709 25.97894 26.04531 26.10615 26.16151 26.21147 26.25619 26.29593 26.33101 26.36188 26.38902 26.41299 26.4344 26.45385 26.47194 26.48923 26.50623 26.52337 26.54101 26.5594 26.5787 26.59898 26.62027 26.64257 26.6659 26.69035 26.71617 26.74529 26.78123 26.82647 26.88247 26.94963 27.02744 27.11451 27.20867 27.30715 27.40667 27.50359 27.59408 27.67427 27.74039 27.78891 27.81671 27.82118 27.80038 27.75315 27.67924 27.57946 27.45577 27.31136 27.15068 26.97945 26.80464 26.63439 26.47647 26.32228 26.16871 26.01655 25.86678 25.72036 25.57819
25.95559 26.0376 26.11441 26.18591 26.25203 26.31274 26.36807 26.41809 26.46297 26.50294 26.53834 26.5696 26.59722 26.62175 26.64377 26.66387 26.68258 26.70041 26.71775 26.73491 26.7521 26.76938 26.78671 26.80393 26.82082 26.83716 26.85277 26.86762 26.8819 26.89764 26.91856 26.9474 26.98588 27.03471 27.09364 27.16153 27.23652 27.31606 27.39713 27.47637 27.55021 27.61504 27.66738 27.70394 27.72182 27.71856 27.69227 27.64177 27.56668 27.4676 27.3462 27.20534 27.04915 26.88301 26.71356 26.54863 26.39578 26.24646 26.09717 25.94829 25.80043 25.65433 25.51073
26.13892 26.21978 26.29553 26.36609 26.43138 26.49136 26.54605 26.59551 26.63989 26.67944 26.71446 26.74541 26.77277 26.79712 26.81902 26.83904 26.85769 26.8754 26.8925 26.90918 26.92551 26.94141 26.95663 26.97083 26.98355 26.99435 27.00286 27.00889 27.01261 27.01611 27.0233 27.03719 27.05975 27.09194 27.13377 27.18435 27.24203 27.30452 27.36902 27.43242 27.49141 27.54264 27.58288 27.6091 27.61861 27.60912 27.5788 27.52642 27.45146 27.35429 27.2363 27.10001 26.94921 26.78891 26.62542 26.46625 26.31873 26.17439 26.02936 25.88362 25.73743 25.59129 25.44579
26.29522 26.37421 26.4482 26.5171 26.58081 26.63931 26.69259 26.74071 26.7838 26.82207 26.85585 26.88558 26.91178 26.93503 26.9559 26.97494 26.99266 27.00943 27.02552 27.04106 27.05598 27.07009 27.08299 27.09415 27.10292 27.10865 27.11077 27.10893 27.10325 27.09589 27.09097 27.09172 27.10034 27.11804 27.14502 27.18061 27.22336 27.27116 27.32145 27.37132 27.4177 27.45748 27.48767 27.50549 27.50847 27.49448 27.46177 27.40905 27.33565 27.24169 27.12825 26.99755 26.85299 26.69924 26.54224 26.38919 26.24717 26.10781 25.96694 25.82409 25.67922 25.53257 25.38461
26.4227 26.499 26.5704 26.63677 26.69805 26.75418 26.80515 26.851 26.89182 26.92784 26.95936 26.98683 27.01081 27.03188 27.05065 27.06768 27.08345 27.09831 27.1125 27.12608 27.13893 27.15072 27.16097 27.169 27.17401 27.17515 27.17166 27.16303 27.14929 27.1327 27.11757 27.10732 27.10439 27.11014 27.12495 27.1483 27.17891 27.21483 27.25368 27.29274 27.32913 27.35998 27.38251 27.39417 27.39271 27.37616 27.34286 27.29146 27.22112 27.13169 27.02396 26.89981 26.7623 26.61575 26.46573 26.31908 26.18264 26.04821 25.9113 25.77103 25.62704 25.47935 25.3283
26.5199 26.5926 26.66045 26.72334 26.78119 26.83393 26.88155 26.92406 26.96155 26.9942 27.02232 27.04637 27.06695 27.08468 27.10019 27.11406 27.12675 27.13863 27.14991 27.16062 27.17059 27.17944 27.18661 27.19133 27.19269 27.18969 27.1814 27.16715 27.14686 27.12288 27.09971 27.08096 27.06919 27.06589 27.07157 27.0858 27.10742 27.13462 27.16516 27.19646 27.22584 27.25059 27.26814 27.27614 27.27254 27.25554 27.22358 27.17523 27.10945 27.02585 26.92495 26.80829 26.67861 26.53983 26.3972 26.25718 26.12635 25.99672 25.86351 25.72546 25.58187 25.43257 25.27776
26.58573 26.65381 26.71708 26.77543 26.82875 26.87698 26.9201 26.9581 26.99107 27.01916 27.04266 27.06207 27.07803 27.09119 27.10221 27.11169 27.12013 27.12788 27.13517 27.14201 27.14822 27.15342 27.15698 27.15811 27.15583 27.14907 27.13677 27.11811 27.09291 27.06359 27.03483 27.01033 26.99274 26.9836 26.98346 26.99197 27.00804 27.02994 27.05555 27.08242 27.10801 27.12976 27.14525 27.15231 27.14905 27.13383 27.10519 27.06162 27.00189 26.92538 26.83235 26.72405 26.60288 26.47242 26.33753 26.20433 26.07909 25.95409 25.8243 25.68807 25.54441 25.39291 25.23366
26.6195 26.68192 26.73952 26.79218 26.83981 26.88233 26.91971 26.95196 26.97915 27.0014 27.01904 27.03256 27.04265 27.05 27.05529 27.05916 27.06212 27.06457 27.06675 27.06869 27.07023 27.07099 27.07036 27.06753 27.06153 27.05127 27.03566 27.01381 26.98544 26.95306 26.92138 26.89412 26.87392 26.86232 26.85987 26.86623 26.88033 26.90053 26.92476 26.95068 26.97585 26.99784 27.01438 27.02339 27.02309 27.01198 26.98865 26.95153 26.89923 26.83097 26.74678 26.64764 26.53562 26.41395 26.28712 26.16087 26.04118 25.92063 25.79396 25.65916 25.51496 25.3607 25.19636
26.62103 26.67669 26.72749 26.7733 26.81403 26.84961 26.87999 26.9052 26.92529 26.94043 26.95094 26.95735 26.96035 26.96066 26.959 26.95604 26.95234 26.94834 26.9443 26.94031 26.93626 26.9318 26.92637 26.91921 26.90938 26.89583 26.87752 26.85362 26.82391 26.79086 26.75905 26.73212 26.7126 26.70199 26.70077 26.70858 26.72436 26.74648 26.77292 26.80141 26.82958 26.85511 26.87581 26.88971 26.89508 26.89044 26.87434 26.84523 26.80167 26.74275 26.66831 26.57906 26.47678 26.36435 26.24585 26.12667 26.01248 25.89618 25.77233 25.6386 25.4934 25.33588 25.16585
26.59062 26.63843 26.6813 26.7191 26.75174 26.77914 26.80128 26.81817 26.8299 26.83667 26.83884 26.83694 26.83166 26.82376 26.81398 26.80303 26.79152 26.77995 26.76865 26.75776 26.74725 26.73685 26.72607 26.71424 26.70051 26.68395 26.66363 26.63887 26.60961 26.57818 26.54892 26.52529 26.50966 26.50339 26.50688 26.51969 26.54071 26.5683 26.60045 26.63493 26.66943 26.7017 26.72959 26.75119 26.76479 26.76885 26.76188 26.74232 26.70877 26.66025 26.59641 26.51778 26.42579 26.32299 26.2131 26.10109 25.99234 25.88011 25.75881 25.62578 25.47916 25.31789 25.14161
