gisdata/paricatuba/elevation.asc
ncols         612
nrows         600
xllcorner     735395.55511453
yllcorner     9840965.1989136
cellsize      5
NODATA_value  -9999
[rows 140 to 167 of 600, columns 126 to 188 of 612]
15.31762 15.44261 15.5612 15.6718 15.77277 15.86235 15.93874 16.0002 16.04515 16.07238 16.08146 16.07303 16.04877 16.0111 15.96161 15.90045 15.82934 15.75025 15.66529 15.5767 15.48675 15.39772 15.31184 15.23125 15.15797 15.0938 15.04027 14.99849 14.96899 14.95145 14.94491 14.94797 14.95897 14.97607 14.99732 15.02072 15.04431 15.06619 15.0846 15.098 15.1051 15.10495 15.09777 15.0833 15.06075 15.02964 14.98979 14.94126 14.88429 14.81916 14.74614 14.66543 14.57713 14.48123 14.37764 14.2662 14.14671 14.01902 13.88311 13.73911 13.58739 13.42862 13.26376
15.19288 15.32396 15.44886 15.56591 15.67337 15.7694 15.85216 15.91984 15.97082 16.00385 16.01842 16.01524 15.99606 15.96337 15.91878 15.86245 15.79608 15.7216 15.6411 15.55678 15.47089 15.38566 15.3033 15.22593 15.15552 15.09387 15.04249 15.00253 14.97452 14.95809 14.95222 14.95549 14.96624 14.98262 15.00271 15.02454 15.04619 15.06582 15.08173 15.09244 15.09672 15.09368 15.08351 15.06592 15.04017 15.00582 14.96271 14.91094 14.85073 14.7824 14.70621 14.62235 14.53094 14.43198 14.32538 14.21099 14.08868 13.95833 13.81996 13.67377 13.52018 13.35994 13.19406
15.06416 15.19963 15.32919 15.4511 15.56355 15.66469 15.75266 15.82566 15.8821 15.92077 15.94122 15.94414 15.93124 15.90498 15.86696 15.8173 15.75761 15.68978 15.61582 15.53788 15.45812 15.37873 15.30184 15.22952 15.16368 15.10607 15.05814 15.02097 14.99505 14.98002 14.97488 14.97824 14.98846 15.00373 15.02217 15.04187 15.06096 15.07767 15.09038 15.09766 15.09836 15.09166 15.07773 15.05627 15.02664 14.98844 14.94155 14.8861 14.82232 14.75052 14.67096 14.58383 14.48924 14.38717 14.27755 14.16024 14.03511 13.90207 13.76117 13.61264 13.45694 13.29485 13.1274
14.93151 15.06978 15.20243 15.32767 15.44369 15.54865 15.64073 15.7182 15.77955 15.82371 15.85033 15.86007 15.85452 15.83603 15.80612 15.7648 15.71361 15.65431 15.58882 15.51919 15.44749 15.3758 15.30618 15.24059 15.18087 15.12865 15.08531 15.05181 15.02853 15.01517 15.0108 15.01412 15.02354 15.03732 15.05365 15.0707 15.08666 15.09984 15.1087 15.11189 15.10834 15.09731 15.07894 15.05298 15.01889 14.97634 14.92528 14.86584 14.79827 14.72286 14.63986 14.54944 14.4517 14.34662 14.2341 14.114 13.98618 13.85057 13.70722 13.55636 13.39848 13.23432 13.06495
14.79472 14.93428 15.06854 15.19573 15.31404 15.42171 15.51697 15.59822 15.6641 15.71369 15.74676 15.76392 15.76663 15.75709 15.73666 15.70524 15.66419 15.61514 15.5599 15.50036 15.43847 15.3762 15.31548 15.25815 15.20593 15.16032 15.12256 15.09348 15.07341 15.06204 15.05857 15.06179 15.07022 15.08221 15.09604 15.10996 15.12228 15.13139 15.13583 15.13435 15.12597 15.11 15.08661 15.05561 15.01656 14.96925 14.91366 14.84997 14.77841 14.69926 14.61277 14.51907 14.41825 14.31024 14.19495 14.07221 13.94186 13.80382 13.65812 13.50498 13.34486 13.17848 13.00685
14.65417 14.7936 14.92811 15.05597 15.17543 15.28481 15.38248 15.46698 15.53713 15.59217 15.63196 15.65706 15.66883 15.66927 15.65955 15.6394 15.60999 15.57278 15.5294 15.48158 15.43113 15.37986 15.32953 15.28184 15.23836 15.20044 15.16917 15.14525 15.12892 15.11994 15.11757 15.12072 15.12805 15.13802 15.14904 15.15947 15.16772 15.17228 15.1718 15.16513 15.15137 15.12994 15.10099 15.06444 15.01999 14.96751 14.90707 14.83884 14.76309 14.68008 14.59 14.493 14.3891 14.27823 14.16024 14.03494 13.90214 13.76173 13.6137 13.45822 13.29571 13.12682 12.9525
14.51077 14.64881 14.78237 14.90977 15.02938 15.13963 15.23907 15.3264 15.40061 15.46112 15.50784 15.54132 15.56279 15.57405 15.57606 15.56834 15.55185 15.52782 15.4977 15.46301 15.42539 15.38645 15.34779 15.31093 15.27724 15.24793 15.22391 15.20577 15.1937 15.18746 15.18642 15.1896 15.19578 15.2036 15.21158 15.21821 15.22203 15.22166 15.21585 15.20354 15.18396 15.1566 15.12165 15.07912 15.02886 14.97087 14.90528 14.83229 14.75217 14.66516 14.57144 14.47111 14.36415 14.25046 14.12983 14.00204 13.86684 13.72408 13.57367 13.41574 13.25061 13.07887 12.90137
14.36559 14.5012 14.63279 14.75881 14.87775 14.9882 15.08888 15.1787 15.25682 15.3228 15.37663 15.41883 15.45048 15.47321 15.48775 15.49336 15.49079 15.48102 15.46527 15.44485 15.42117 15.39565 15.36967 15.34456 15.32151 15.30153 15.28538 15.27354 15.26614 15.26297 15.26346 15.26676 15.27181 15.27739 15.28216 15.28477 15.2839 15.27828 15.2668 15.24852 15.22274 15.18909 15.14776 15.09891 15.04253 14.97874 14.90775 14.82981 14.74518 14.65409 14.55668 14.45301 14.34301 14.22653 14.10332 13.97307 13.83551 13.69038 13.53753 13.377 13.20901 13.03405 12.85288
14.21982 14.35221 14.48108 14.605 14.72264 14.83277 14.93431 15.02635 15.10825 15.17969 15.24074 15.29188 15.33407 15.36872 15.39632 15.41592 15.42798 15.43324 15.43266 15.42733 15.4184 15.40707 15.39452 15.38183 15.37001 15.35988 15.35204 15.34688 15.34446 15.34459 15.34678 15.3503 15.35423 15.35751 15.35897 15.35741 15.35165 15.34057 15.32318 15.29866 15.26643 15.22621 15.17824 15.12279 15.06005 14.99025 14.91369 14.83065 14.74142 14.64618 14.54506 14.43805 14.32505 14.20582 14.08006 13.94741 13.80748 13.65995 13.50459 13.3413 13.17021 12.9917 12.80642
14.07475 14.20339 14.32902 14.45037 14.56629 14.67574 14.77785 14.87193 14.9575 15.03438 15.10269 15.16288 15.21579 15.26261 15.3036 15.33754 15.36465 15.3854 15.40048 15.41071 15.41702 15.42035 15.42164 15.42177 15.42153 15.42155 15.42229 15.42401 15.42675 15.43032 15.43431 15.43811 15.44094 15.44189 15.43997 15.43414 15.42337 15.4067 15.38325 15.35233 15.31348 15.26651 15.21171 15.14951 15.08025 15.00432 14.92208 14.83387 14.73997 14.64057 14.53573 14.42542 14.30944 14.18752 14.05926 13.92422 13.78194 13.63199 13.47402 13.30785 13.13346 12.95111 12.76134
13.93173 14.05636 14.17849 14.29702 14.41099 14.51956 14.62208 14.71806 14.80722 14.88948 14.96502 15.03426 15.09791 15.15695 15.21139 15.25979 15.30206 15.33842 15.36929 15.39524 15.41692 15.43505 15.45031 15.46338 15.47481 15.48505 15.49443 15.50309 15.51103 15.51808 15.52389 15.52796 15.52968 15.52828 15.52295 15.51281 15.49699 15.47466 15.44509 15.40772 15.36217 15.30838 15.24668 15.17766 15.10183 15.01971 14.93176 14.83837 14.73981 14.63626 14.52774 14.41415 14.29526 14.17068 14.03997 13.90258 13.75796 13.60557 13.44495 13.27579 13.09795 12.91156 12.71705
13.79212 13.91276 14.03137 14.14705 14.25903 14.36668 14.46955 14.56736 14.66002 14.74757 14.83024 14.90841 14.98266 15.05378 15.12151 15.18417 15.24142 15.29321 15.33967 15.38113 15.418 15.45073 15.47979 15.50561 15.52855 15.54887 15.56675 15.58223 15.59527 15.6057 15.61326 15.61757 15.61813 15.61437 15.60562 15.59118 15.57032 15.54236 15.5067 15.46289 15.41068 15.3501 15.28154 15.20573 15.12337 15.03511 14.94149 14.84296 14.7398 14.63216 14.52002 14.40323 14.28148 14.15431 14.0212 13.8815 13.73456 13.57974 13.41645 13.24424 13.06287 12.87234 12.67295
13.65727 13.77417 13.8895 14.00252 14.11265 14.21947 14.32273 14.42237 14.51845 14.61116 14.70078 14.78764 14.8722 14.95504 15.03567 15.11215 15.18389 15.25058 15.31212 15.36855 15.42007 15.46689 15.50926 15.54739 15.58142 15.61145 15.6375 15.65952 15.67741 15.69103 15.70018 15.70461 15.70396 15.69781 15.68567 15.66697 15.64116 15.60767 15.56603 15.51592 15.45718 15.38995 15.31466 15.23219 15.14343 15.04916 14.95 14.84645 14.73879 14.62716 14.5115 14.39159 14.26706 14.13738 14.00192 13.85996 13.71075 13.55352 13.38758 13.21235 13.02746 12.83277 12.62849
13.5285 13.64215 13.75464 13.8654 13.974 14.08022 14.18402 14.28552 14.38496 14.48267 14.57896 14.67415 14.76857 14.86259 14.95548 15.04507 15.13053 15.2113 15.28705 15.35761 15.42292 15.48301 15.53791 15.58761 15.63209 15.67124 15.70494 15.73304 15.7554 15.7719 15.78242 15.7868 15.78485 15.77631 15.76082 15.73798 15.70735 15.66852 15.62111 15.56492 15.49988 15.42622 15.34443 15.25555 15.16061 15.06054 14.95605 14.84766 14.73567 14.62019 14.50113 14.37821 14.251 14.11888 13.98115 13.837 13.68557 13.52599 13.35746 13.17929 12.99095 12.79222 12.58318
13.40701 13.51813 13.62845 13.73752 13.84508 13.95108 14.05564 14.15908 14.26183 14.36433 14.46696 14.57001 14.67367 14.77814 14.88243 14.98417 15.08229 15.17602 15.26482 15.34831 15.42627 15.49851 15.56486 15.62516 15.67918 15.72666 15.76732 15.8009 15.82724 15.84621 15.85778 15.86193 15.85859 15.84766 15.82892 15.80209 15.76687 15.72295 15.67007 15.6081 15.53709 15.45733 15.36939 15.27441 15.17362 15.06805 14.95848 14.84548 14.72937 14.61023 14.48793 14.36213 14.23234 14.09788 13.95797 13.81171 13.65814 13.49631 13.32529 13.14429 12.95268 12.75011 12.53657
13.29391 13.40339 13.51238 13.62053 13.7277 13.83397 13.93963 14.04516 14.15117 14.25823 14.36679 14.47711 14.58926 14.70324 14.81786 14.93052 15.03998 15.14526 15.24566 15.34063 15.42978 15.51275 15.58924 15.6589 15.72135 15.77616 15.82292 15.86127 15.89096 15.91192 15.9242 15.9279 15.92311 15.90982 15.88796 15.85738 15.81785 15.76918 15.7112 15.64387 15.5673 15.48187 15.38819 15.28754 15.18129 15.07057 14.95626 14.83896 14.71898 14.59638 14.47101 14.34249 14.21026 14.07357 13.93157 13.78329 13.62769 13.46371 13.29036 13.10672 12.91207 12.70595 12.48827
13.19015 13.29907 13.40773 13.51588 13.62344 13.7306 13.83779 13.94563 14.05487 14.16624 14.28026 14.39716 14.51688 14.63925 14.76291 14.88504 15.00425 15.11943 15.22971 15.33444 15.43306 15.52512 15.61017 15.68772 15.75727 15.81826 15.87012 15.91237 15.94473 15.96715 15.97977 15.98283 15.97652 15.96097 15.93619 15.90214 15.85868 15.80568 15.74306 15.67084 15.58922 15.49862 15.39971 15.29388 15.18263 15.06721 14.94854 14.82726 14.7037 14.5779 14.44967 14.31859 14.18405 14.04525 13.90128 13.75109 13.59357 13.4276 13.25207 13.06602 12.86861 12.65932 12.43797
13.09652 13.20606 13.31553 13.42471 13.53359 13.6424 13.75166 13.86209 13.97457 14.08998 14.20893 14.3316 14.45782 14.58729 14.71847 14.84842 14.9756 15.09879 15.21704 15.32956 15.43574 15.53501 15.62681 15.7106 15.78573 15.85155 15.90737 15.95259 15.98687 16.01018 16.02279 16.02504 16.01723 15.99956 15.97215 15.93498 15.88802 15.83118 15.76445 15.68791 15.6018 15.50661 15.40306 15.29261 15.1769 15.05724 14.93465 14.80978 14.68295 14.55421 14.42334 14.28988 14.15318 14.01242 13.86659 13.71461 13.55531 13.38749 13.21 13.02177 12.82194 12.6099 12.38539
13.0136 13.12503 13.23654 13.3479 13.4591 13.57042 13.68238 13.79579 13.91159 14.03077 14.15406 14.28158 14.41307 14.54816 14.6852 14.82112 14.9543 15.08347 15.20758 15.3258 15.43743 15.54186 15.63847 15.72663 15.80567 15.87483 15.93334 15.98052 16.01592 16.03959 16.05188 16.05322 16.04398 16.02442 15.99469 15.95484 15.90487 15.84475 15.7745 15.69425 15.60429 15.50516 15.3976 15.28316 15.16356 15.0402 14.91415 14.78608 14.65633 14.52492 14.39164 14.256 14.11732 13.97472 13.82718 13.67355 13.51261 13.34312 13.16386 12.97374 12.77183 12.55747 12.33039
12.94175 13.0564 13.17121 13.28593 13.40054 13.51528 13.63067 13.74752 13.86678 13.98951 14.11649 14.24782 14.38322 14.5223 14.6634 14.80334 14.94046 15.07344 15.20122 15.32292 15.43781 15.54525 15.64459 15.73518 15.8163 15.88717 15.947 15.99503 16.03078 16.05432 16.06607 16.06649 16.05596 16.03477 16.00311 15.96106 15.90862 15.84581 15.77267 15.68937 15.59624 15.49385 15.38297 15.2652 15.14234 15.01584 14.88681 14.75596 14.62363 14.48986 14.35441 14.21679 14.07629 13.93201 13.7829 13.62776 13.46535 13.29436 13.11357 12.92183 12.71819 12.50197 12.27289
12.88113 13.00028 13.11966 13.23893 13.35802 13.47711 13.59668 13.71746 13.8404 13.96648 14.09644 14.23046 14.36831 14.50971 14.65303 14.79499 14.93395 15.06856 15.19777 15.32071 15.43664 15.5449 15.64487 15.73588 15.81722 15.88814 15.94783 15.99557 16.03091 16.05392 16.06495 16.06445 16.05281 16.03031 15.99713 15.95335 15.89902 15.83413 15.75877 15.67311 15.57751 15.47257 15.35907 15.23868 15.1132 14.98414 14.85263 14.71942 14.58487 14.44903 14.31166 14.17227 14.03014 13.88435 13.73381 13.57733 13.4136 13.24132 13.05922 12.86615 12.66114 12.44352 12.21301
12.83164 12.95655 13.0817 13.20665 13.33124 13.45555 13.57996 13.70512 13.83185 13.96103 14.0933 14.22892 14.36784 14.50995 14.65368 14.79572 14.93445 15.06856 15.19702 15.31899 15.43377 15.54072 15.63925 15.72874 15.80851 15.87784 15.936 15.98237 16.01656 16.03858 16.04869 16.04728 16.03469 16.01117 15.97688 15.93189 15.87622 15.80989 15.73296 15.64563 15.54826 15.44148 15.32609 15.20375 15.07631 14.94527 14.8118 14.67666 14.54025 14.40265 14.26362 14.12268 13.9791 13.83196 13.68016 13.52248 13.35761 13.18424 13.00108 12.80697 12.60097 12.38241 12.15105
12.79298 12.9248 13.05683 13.1885 13.3195 13.44978 13.57959 13.70942 13.83996 13.97191 14.10585 14.24212 14.38086 14.52219 14.66466 14.80495 14.9415 15.07309 15.19872 15.31763 15.42918 15.5328 15.62796 15.7141 15.79062 15.85689 15.91229 15.95629 15.98857 16.0091 16.01804 16.01567 16.00226 15.97799 15.94296 15.89723 15.84077 15.77359 15.69574 15.6074 15.50896 15.40103 15.28443 15.16083 15.03205 14.89962 14.76469 14.62806 14.49017 14.35111 14.21068 14.06841 13.92358 13.77526 13.62236 13.46364 13.29781 13.12355 12.93957 12.74473 12.53811 12.31909 12.08746
12.76465 12.90441 13.04429 13.18358 13.32177 13.45865 13.59427 13.72896 13.86321 13.99758 14.1326 14.26866 14.40612 14.54533 14.68504 14.82192 14.95452 15.08172 15.20262 15.31655 15.42297 15.52141 15.61142 15.69256 15.76433 15.82623 15.87776 15.91849 15.94816 15.96669 15.97416 15.97074 15.95657 15.93176 15.89634 15.85029 15.79356 15.72609 15.64792 15.55922 15.46034 15.35191 15.23477 15.11055 14.98104 14.84776 14.71187 14.5742 14.43519 14.295 14.15343 14.01005 13.86415 13.71482 13.56097 13.40138 13.23477 13.05981 12.87525 12.67999 12.47312 12.25408 12.02275
12.74596 12.89454 13.04312 13.19077 13.3368 13.48075 13.62249 13.76212 13.89993 14.03637 14.17189 14.307 14.44219 14.57814 14.71377 14.84579 14.97287 15.09402 15.20849 15.31573 15.41532 15.50692 15.59023 15.66492 15.73065 15.78704 15.83372 15.87038 15.89678 15.91284 15.91853 15.91391 15.89901 15.87383 15.83831 15.79232 15.73576 15.66853 15.5906 15.50212 15.40341 15.29509 15.178 15.05375 14.92409 14.79049 14.65412 14.51581 14.37606 14.23504 14.09259 13.94831 13.80153 13.65134 13.49669 13.33638 13.16914 12.99367 12.80877 12.61335 12.40657 12.18794 11.95741
12.73608 12.89422 13.05219 13.20882 13.36317 13.51457 13.66261 13.80719 13.9484 14.08655 14.22208 14.35554 14.48765 14.61935 14.74978 14.87568 14.99589 15.10956 15.21613 15.31519 15.40648 15.48984 15.56511 15.63213 15.6907 15.74061 15.78162 15.81349 15.83607 15.84921 15.85283 15.84687 15.83125 15.80582 15.77042 15.72483 15.66885 15.6023 15.52511 15.43737 15.33937 15.23171 15.11524 14.99151 14.86221 14.72877 14.59236 14.45382 14.31366 14.17209 14.02901 13.88404 13.73653 13.58564 13.43033 13.26943 13.1017 12.92589 12.74082 12.54548 12.33909 12.12122 11.89188
12.73404 12.90234 13.07025 13.23633 13.39939 13.55848 13.71295 13.86244 14.00687 14.14641 14.28148 14.41272 14.54104 14.66767 14.79196 14.91071 15.02291 15.12793 15.22536 15.31501 15.39679 15.47073 15.53685 15.59518 15.64568 15.6883 15.72294 15.74946 15.76772 15.77758 15.77889 15.77146 15.75509 15.72951 15.69443 15.64951 15.59445 15.52899 15.45297 15.36644 15.26963 15.16311 15.04773 14.925 14.79653 14.6637 14.52765 14.38923 14.24898 14.10713 13.96363 13.81815 13.67007 13.5186 13.36274 13.20135 13.03325 12.85722 12.67215 12.47707 12.27128 12.05443 11.82659
12.73883 12.91773 13.09599 13.27188 13.44391 13.61086 13.7718 13.92614 14.07361 14.21427 14.3485 14.47703 14.60097 14.72186 14.83927 14.95002 15.05332 15.14873 15.23605 15.3153 15.38661 15.4502 15.5063 15.55512 15.59683 15.63154 15.65926 15.67995 15.69352 15.69981 15.69859 15.68959 15.67246 15.64681 15.6122 15.56819 15.51434 15.4503 15.37583 15.29089 15.19568 15.09071 14.97685 14.85554 14.7283 14.59646 14.46113 14.32314 14.18307 14.04118 13.89746 13.75162 13.60311 13.45116 13.29483 13.13304 12.96463 12.78847 12.60349 12.40879 12.20374 11.98807 11.76193
