gisdata/paricatuba/elevation.asc
ncols         612
nrows         600
xllcorner     735395.55511453
yllcorner     9840965.1989136
cellsize      5
NODATA_value  -9999
[rows 168 to 195 of 600, columns 189 to 251 of 612]
11.46468 11.22323 10.97577 10.72477 10.47316 10.22428 9.98005 9.71667 9.438175 9.160046 8.895892 8.657342 8.45396 8.293217 8.18049 8.119125 8.110526 8.154294 8.248417 8.38948 8.572919 8.793287 9.044535 9.320284 9.614108 9.919777 10.2315 10.54412 10.8533 11.1557 11.44902 11.73216 12.00523 12.2696 12.52824 12.7858 13.04249 13.29803 13.5523 13.80524 14.05676 14.30672 14.55478 14.80042 15.04287 15.28111 15.51382 15.73944 15.95616 16.16201 16.3549 16.53275 16.69357 16.83563 16.95756 17.05849 17.13817 17.19702 17.23622 17.25769 17.26409 17.25876 17.24397
11.40465 11.16614 10.92228 10.67552 10.42877 10.18531 9.946972 9.689949 9.418331 9.147642 8.891531 8.661663 8.467647 8.316995 8.215136 8.165461 8.169422 8.226663 8.335196 8.491614 8.691333 8.928849 9.198019 9.492338 9.805212 10.13021 10.46131 10.79309 11.12092 11.44112 11.75107 12.04931 12.3356 12.61098 12.87815 13.14158 13.40128 13.65686 13.90825 14.15553 14.39886 14.63837 14.87407 15.10579 15.33309 15.55527 15.77132 15.97995 16.1796 16.36855 16.54491 16.7068 16.8524 16.98012 17.08868 17.17728 17.24567 17.29428 17.3242 17.33729 17.33612 17.32392 17.30281
11.34615 11.11044 10.87001 10.6273 10.38522 10.14699 9.914356 9.663517 9.398621 9.135234 8.887048 8.665772 8.481059 8.340469 8.249481 8.21154 8.228145 8.29898 8.422085 8.594055 8.810275 9.065179 9.352521 9.665658 9.99782 10.34237 10.69303 11.04411 11.39069 11.72875 12.05533 12.36862 12.66803 12.95427 13.22978 13.49885 13.7613 14.01665 14.26486 14.50615 14.74093 14.96964 15.19263 15.41008 15.62189 15.82768 16.02677 16.21813 16.40049 16.57236 16.73206 16.87792 17.00828 17.12167 17.21692 17.29329 17.35053 17.38902 17.40984 17.41474 17.40619 17.38732 17.36009
11.28952 11.05637 10.8191 10.58017 10.34246 10.10915 9.881919 9.636964 9.378496 9.122131 8.881606 8.668675 8.493039 8.362311 8.282022 8.25567 8.284805 8.369156 8.506783 8.694283 8.927002 9.199301 9.504821 9.836771 10.1882 10.55224 10.92239 11.29266 11.65784 12.01358 12.35659 12.68469 12.99696 13.2938 13.57737 13.85182 14.11677 14.37164 14.61642 14.85151 15.07755 15.2953 15.50545 15.70853 15.90479 16.09418 16.27633 16.45049 16.61567 16.77059 16.91383 17.04387 17.15924 17.25858 17.34082 17.40524 17.45162 17.48031 17.49231 17.48928 17.4736 17.44831 17.41519
11.23536 11.0046 10.77029 10.53491 10.30132 10.07266 9.850549 9.611195 9.358872 9.109247 8.876104 8.671251 8.504438 8.38333 8.313515 8.298543 8.340018 8.43771 8.589704 8.792585 9.041659 9.331202 9.654732 10.0053 10.37576 10.75903 11.14835 11.53747 11.92087 12.29389 12.65289 12.99539 13.32012 13.62716 13.91845 14.19797 14.46515 14.71932 14.96048 15.18921 15.40642 15.61318 15.81053 15.99933 16.18018 16.35336 16.51879 16.67602 16.8243 16.96262 17.08973 17.20433 17.30509 17.39077 17.46039 17.51326 17.54917 17.5684 17.5719 17.56125 17.53872 17.50722 17.46843
11.18503 10.95677 10.72552 10.49376 10.26433 10.04035 9.823368 9.589594 9.343372 9.100432 8.874618 8.677792 8.519759 8.408242 8.348878 8.345272 8.399074 8.510088 8.676419 8.894637 9.159988 9.466647 9.807997 10.17692 10.56608 10.96816 11.37617 11.78359 12.1846 12.57425 12.94859 13.30481 13.64137 13.95806 14.25658 14.5408 14.80991 15.06312 15.30049 15.52277 15.73113 15.92696 16.11161 16.28629 16.45192 16.60909 16.758 16.89852 17.03013 17.15205 17.26328 17.36266 17.44904 17.52131 17.57855 17.62013 17.64581 17.65584 17.65108 17.63303 17.60384 17.56633 17.52201
11.1389 10.91304 10.6847 10.45638 10.2309 10.01135 9.79923 9.570733 9.330286 9.093691 8.874864 8.68573 8.536157 8.433919 8.384706 8.392166 8.457988 8.582005 8.762328 8.995502 9.276698 9.599976 9.95857 10.34518 10.75228 11.17235 11.59814 12.02288 12.44048 12.84571 13.23436 13.60333 13.95082 14.27637 14.5815 14.86997 15.14074 15.39288 15.62651 15.84255 16.04244 16.22785 16.40043 16.56168 16.71284 16.85476 16.98796 17.11254 17.22825 17.33454 17.43059 17.51545 17.5881 17.64756 17.693 17.72382 17.73976 17.74103 17.72841 17.70329 17.66774 17.62444 17.57479
11.09705 10.87327 10.64746 10.42213 10.20012 9.984479 9.776668 9.55287 9.317589 9.086716 8.874249 8.692188 8.550464 8.456906 8.41725 8.435179 8.512408 8.648784 8.842417 9.089812 9.386054 9.725066 10.09993 10.50316 10.92705 11.36386 11.80612 12.24682 12.67963 13.09907 13.50067 13.88111 14.23837 14.57181 14.88279 15.17502 15.44722 15.69834 15.92852 16.13888 16.33108 16.50704 16.66866 16.81772 16.95568 17.0837 17.20252 17.3125 17.41361 17.50552 17.58762 17.6591 17.7191 17.76674 17.80128 17.82214 17.82906 17.8222 17.80225 17.77053 17.72898 17.68019 17.62544
11.05941 10.8372 10.61335 10.39038 10.17113 9.958669 9.754421 9.534537 9.303603 9.077616 8.870667 8.694836 8.560123 8.474413 8.443481 8.471038 8.558806 8.706628 8.912597 9.173171 9.483326 9.836843 10.22664 10.64509 11.08427 11.53626 11.99336 12.44837 12.89471 13.3267 13.73966 14.13008 14.49575 14.83592 15.15187 15.44732 15.72079 15.97105 16.19832 16.40387 16.58954 16.75743 16.90963 17.04814 17.17464 17.29052 17.39674 17.49389 17.58216 17.66138 17.73113 17.79076 17.83952 17.87663 17.90142 17.91336 17.91216 17.89793 17.8713 17.8335 17.7864 17.73246 17.67287
11.02574 10.80446 10.58185 10.36046 10.14316 9.933016 9.731447 9.514555 9.287012 9.064932 8.862506 8.691905 8.5632 8.48433 8.461108 8.497257 8.594497 8.752642 8.969739 9.242186 9.56484 9.93135 10.33449 10.76646 11.21917 11.68452 12.15462 12.62205 13.08007 13.52279 13.94535 14.34411 14.71673 15.06238 15.38231 15.68037 15.95496 16.2047 16.42985 16.63174 16.81233 16.9738 17.11843 17.24834 17.36543 17.47125 17.56699 17.6534 17.73087 17.79941 17.85872 17.90829 17.94748 17.97559 17.99199 17.99619 17.98788 17.96714 17.93455 17.89127 17.83908 17.78038 17.71625
10.99564 10.77458 10.55244 10.3318 10.11554 9.906779 9.70694 9.492054 9.266878 9.047649 8.848671 8.682204 8.558394 8.485236 8.468572 8.512133 8.617619 8.784801 9.011647 9.294454 9.627981 10.00576 10.42044 10.86406 11.32838 11.80512 12.28622 12.7641 13.23183 13.68338 14.11375 14.51918 14.89727 15.24713 15.57008 15.87014 16.14569 16.39538 16.61936 16.81892 16.99603 17.15292 17.29197 17.41542 17.52531 17.62336 17.7109 17.78887 17.85778 17.9178 17.96877 18.01026 18.0417 18.06248 18.07197 18.06971 18.05538 18.02905 17.99127 17.94313 17.88637 17.82329 17.75492
10.96862 10.74706 10.5246 10.30385 10.08774 9.879425 9.680362 9.466496 9.242658 9.025215 8.828584 8.665119 8.545041 8.476395 8.465048 8.514733 8.627118 8.80191 9.036983 9.328516 9.671177 10.0584 10.48271 10.93602 11.40994 11.89604 12.38612 12.87243 13.34792 13.80642 14.24285 14.65336 15.03553 15.38846 15.71358 16.01516 16.29168 16.54179 16.76553 16.96407 17.1393 17.29346 17.42895 17.5481 17.65306 17.74566 17.82737 17.89923 17.96191 18.01566 18.06043 18.09587 18.12146 18.13662 18.14074 18.13334 18.11414 18.08318 18.04099 17.98865 17.92783 17.86079 17.78849
10.94422 10.72145 10.49791 10.27623 10.05942 9.850664 9.651476 9.437697 9.214222 8.997546 8.802196 8.640619 8.523108 8.457752 8.450442 8.504902 8.622758 8.803646 9.04534 9.343908 9.693924 10.08873 10.52075 10.98177 11.46329 11.95675 12.4538 12.94659 13.42796 13.89165 14.33251 14.74666 15.13168 15.48675 15.81339 16.11624 16.39382 16.64481 16.86914 17.06784 17.24266 17.39581 17.52967 17.64661 17.74883 17.83824 17.9164 17.98447 18.04318 18.09288 18.13357 18.16495 18.18655 18.19778 18.19804 18.18685 18.16391 18.12929 18.08351 18.02762 17.96326 17.89266 17.81674
10.922 10.69739 10.47208 10.24876 10.03048 9.820491 9.620378 9.405856 9.18187 8.965033 8.76998 8.609245 8.493184 8.429928 8.425383 8.483257 8.605136 8.790582 9.037275 9.341187 9.696796 10.09736 10.53521 11.00204 11.48923 11.98811 12.49025 12.9877 13.47321 13.94047 14.38431 14.80086 15.18772 15.54417 15.8719 16.17588 16.45469 16.707 16.93265 17.13251 17.30823 17.46189 17.59585 17.71247 17.81396 17.90229 17.97906 18.04548 18.10235 18.15008 18.18868 18.2179 18.23726 18.24616 18.24401 18.2303 18.20475 18.16742 18.11883 18.06003 17.99264 17.91887 17.83963
10.90166 10.67467 10.44703 10.22146 10.00108 9.789213 9.587509 9.371556 9.146324 8.928538 8.732924 8.572094 8.456459 8.394187 8.391192 8.451171 8.575663 8.764168 9.014284 9.321897 9.681404 10.08598 10.52788 10.99871 11.48976 11.99229 12.49779 12.99822 13.48632 13.95574 14.40131 14.8192 15.20709 15.56436 15.89289 16.19795 16.47818 16.73221 16.95978 17.16166 17.33935 17.49483 17.63037 17.7483 17.85083 17.93991 18.01719 18.08389 18.14084 18.18847 18.22679 18.25556 18.27428 18.28234 18.27911 18.26408 18.23695 18.19781 18.14715 18.08604 18.01611 17.93955 17.85727
10.88304 10.65329 10.4229 10.19465 9.971708 9.757469 9.553678 9.335775 9.108738 8.889379 8.692503 8.530786 8.414685 8.352397 8.349846 8.410709 8.536497 8.726654 8.978712 9.288487 9.650307 10.05728 10.50158 10.97476 11.46804 11.97261 12.4799 12.98187 13.47119 13.94156 14.3878 14.80618 15.19445 15.55213 15.88125 16.18738 16.4692 16.72526 16.95526 17.15982 17.34032 17.49865 17.63697 17.75755 17.86256 17.95395 18.03333 18.10195 18.16062 18.20975 18.24937 18.27918 18.29866 18.30718 18.30406 18.28877 18.26101 18.22085 18.16882 18.10596 18.03392 17.95494 17.86992
10.86618 10.63346 10.4001 10.16892 9.943131 9.726229 9.520045 9.299869 9.070657 8.849292 8.650637 8.487412 8.370116 8.306965 8.303888 8.364559 8.490458 8.680994 8.933651 9.24419 9.606885 10.01479 10.46002 10.93408 11.42814 11.93334 12.44109 12.94332 13.43273 13.903 14.34906 14.76722 15.15536 15.51311 15.84268 16.14988 16.43339 16.69172 16.92448 17.1322 17.31612 17.47804 17.62002 17.74426 17.85286 17.94773 18.03048 18.1023 18.164 18.21595 18.25814 18.29023 18.31166 18.32173 18.31973 18.3051 18.27752 18.23706 18.18424 18.12015 18.04643 17.96537 17.87789
10.85135 10.61566 10.3793 10.14513 9.916433 9.696783 9.488106 9.265536 9.033988 8.810388 8.609632 8.444475 8.325435 8.260747 8.256351 8.315913 8.440907 8.630716 8.882798 9.192878 9.55519 9.962748 10.40763 10.8813 11.3749 11.87954 12.38662 12.88806 13.37658 13.84593 14.29109 14.70846 15.09604 15.45359 15.78347 16.09169 16.37692 16.63762 16.87332 17.08444 17.27214 17.43809 17.58428 17.71282 17.82574 17.92492 18.01191 18.08786 18.15354 18.20928 18.25501 18.29033 18.31461 18.3271 18.32704 18.31382 18.2871 18.24694 18.19387 18.12899 18.054 17.9712 17.88157
10.83907 10.6006 10.36142 10.12444 9.892982 9.670713 9.459652 9.23478 9.000945 8.775085 8.572113 8.404793 8.283655 8.216949 8.210623 8.268352 8.391608 8.579776 8.8303 9.138893 9.499768 9.905913 10.34939 10.82162 11.31373 11.81682 12.3223 12.82209 13.30895 13.77669 14.22036 14.63647 15.02312 15.38022 15.71023 16.01935 16.30622 16.56923 16.80784 17.02239 17.21394 17.38407 17.53468 17.66779 17.7854 17.88929 17.98098 18.0616 18.13183 18.19196 18.24186 18.28105 18.30883 18.32438 18.32686 18.31563 18.2903 18.25093 18.19807 18.13283 18.05695 17.97277 17.88134
10.83006 10.58923 10.34764 10.10823 9.874393 9.649851 9.436719 9.20984 8.973969 8.746031 8.540923 8.371408 8.248016 8.179005 8.170334 8.225698 8.346586 8.532397 8.78059 9.086879 9.445475 9.849357 10.29057 10.76053 11.25035 11.75113 12.25427 12.75174 13.23633 13.70191 14.14361 14.55804 14.94343 15.29978 15.6297 15.9395 16.22778 16.49287 16.73416 16.95191 17.1471 17.32123 17.47611 17.6137 17.73594 17.84455 17.94102 18.0264 18.10137 18.16612 18.22046 18.26385 18.29549 18.31447 18.31989 18.31104 18.28752 18.24934 18.19708 18.13189 18.05553 17.97037 17.87755
10.82531 10.58273 10.33936 10.09813 9.862479 9.636209 9.421516 9.193114 8.955647 8.725993 8.51902 8.347465 8.22185 8.150436 8.139201 8.191866 8.309956 8.492903 8.738198 9.041581 9.397276 9.798265 10.23659 10.70366 11.19059 11.68848 12.18875 12.68338 13.16523 13.62822 14.06755 14.47993 14.86371 15.21899 15.54851 15.85864 16.14794 16.41469 16.6582 16.87868 17.07701 17.25463 17.41329 17.55488 17.68129 17.79421 17.89509 17.98495 18.06441 18.13363 18.19234 18.23992 18.27549 18.29804 18.30659 18.30037 18.27891 18.24226 18.19098 18.12623 18.04984 17.96419 17.8705
10.82595 10.58247 10.33812 10.09587 9.859183 9.631916 9.416342 9.187064 8.948601 8.717762 8.509356 8.336083 8.208449 8.134716 8.120881 8.170704 8.28576 8.465535 8.707576 9.007663 9.360047 9.757726 10.19275 10.65652 11.14016 11.63477 12.13179 12.62324 13.102 13.56205 13.99867 14.40866 14.79045 15.14428 15.47298 15.78295 16.07272 16.3405 16.58555 16.80801 17.0087 17.18898 17.35056 17.49529 17.62503 17.74145 17.84596 17.93958 18.0229 18.09605 18.1587 18.21015 18.24943 18.27544 18.28711 18.28359 18.26438 18.22951 18.17956 18.11572 18.03982 17.95429 17.86039
10.83331 10.58993 10.3456 10.1033 9.866501 9.639113 9.423476 9.194104 8.955379 8.724011 8.514742 8.340218 8.210919 8.135108 8.118807 8.165822 8.277792 8.45428 8.692902 8.989501 9.338368 9.732521 10.16401 10.62427 11.10439 11.59551 12.08906 12.57709 13.05252 13.50936 13.94298 14.35023 14.72966 15.08158 15.40892 15.71811 16.00761 16.2756 16.52128 16.74471 16.94668 17.12849 17.29181 17.43846 17.57029 17.68898 17.79594 17.89221 17.97836 18.05451 18.12031 18.17499 18.2175 18.24664 18.26123 18.26036 18.24349 18.21063 18.16239 18.09998 18.02524 17.94058 17.84732
10.84877 10.60665 10.36349 10.12223 9.886374 9.659859 9.445078 9.216484 8.978315 8.747173 8.537707 8.362507 8.232022 8.154512 8.136027 8.180427 8.289427 8.462682 8.697901 8.991001 9.336324 9.726912 10.15483 10.6115 11.08804 11.57557 12.06556 12.55005 13.02199 13.47544 13.90579 14.30998 14.68661 15.03609 15.36145 15.66909 15.95743 16.22461 16.46978 16.69296 16.89486 17.07676 17.2403 17.38731 17.51964 17.63901 17.74686 17.84427 17.93185 18.00973 18.07755 18.13451 18.1795 18.2112 18.22837 18.22998 18.21547 18.18487 18.13879 18.07845 18.00566 17.92282 17.83126
10.87374 10.63416 10.39339 10.15437 9.920585 9.695998 9.483047 9.25615 9.019405 8.789288 8.580353 8.405127 8.274025 8.195303 8.175041 8.217155 8.323446 8.493675 8.725657 9.015403 9.357307 9.744436 10.16886 10.62202 11.09502 11.579 12.06542 12.54635 13.01472 13.46463 13.89149 14.29228 14.66566 15.01213 15.33477 15.63997 15.92611 16.1913 16.43465 16.65611 16.85636 17.03665 17.19862 17.34411 17.47503 17.59315 17.69999 17.7967 17.88395 17.96194 18.03034 18.08835 18.13481 18.16835 18.18758 18.19142 18.17929 18.15121 18.10783 18.05035 17.98054 17.90068 17.81213
10.90954 10.67384 10.43675 10.20118 9.970626 9.749037 9.538891 9.31461 9.080151 8.851862 8.644203 8.469634 8.338538 8.259169 8.237634 8.277906 8.381874 8.549407 8.778445 9.065102 9.403827 9.787706 10.20883 10.65862 11.12822 11.60876 12.09169 12.56907 13.03386 13.48012 13.90329 14.30037 14.67005 15.01288 15.33202 15.6338 15.91658 16.17846 16.4185 16.63661 16.83342 17.01018 17.16854 17.3104 17.43774 17.55242 17.65606 17.74993 17.83482 17.91101 17.97825 18.03582 18.08253 18.11696 18.13765 18.14342 18.13367 18.10848 18.06848 18.01483 17.94921 17.87374 17.78973
10.95727 10.7268 10.49467 10.26377 10.03755 9.819994 9.613586 9.392785 9.161427 8.935732 8.730067 8.55683 8.426376 8.34696 8.324718 8.363678 8.465807 8.631078 8.857556 9.141471 9.477323 9.858216 10.27626 10.7229 11.18927 11.66652 12.14608 12.62 13.0812 13.52375 13.94306 14.33613 14.70166 15.04024 15.35505 15.65238 15.93058 16.18774 16.42287 16.63585 16.82727 16.99841 17.15097 17.28692 17.40832 17.51718 17.61525 17.70394 17.7842 17.85646 17.92061 17.976 18.02154 18.05579 18.07722 18.08459 18.0773 18.05547 18.0197 17.97106 17.91104 17.84157 17.76389
11.01769 10.79376 10.56781 10.34269 10.12185 9.909255 9.70743 9.490884 9.26335 9.040931 8.837908 8.666627 8.537422 8.458555 8.43619 8.474408 8.575246 8.738764 8.963131 9.244682 9.577975 9.956153 10.37135 10.81505 11.2784 11.75253 12.22885 12.69939 13.15704 13.59582 14.01111 14.39989 14.76084 15.09455 15.40424 15.69611 15.96849 16.21947 16.44802 16.654 16.83803 17.00139 17.14587 17.27355 17.3866 17.48718 17.57722 17.6583 17.73157 17.79765 17.85661 17.90797 17.95074 17.98359 18.00499 18.01365 18.00901 17.99117 17.96064 17.91833 17.86552 17.80384 17.73441
