gisdata/mazagao/elevation.asc
ncols         775
nrows         511
xllcorner     452742.23554282
yllcorner     9968393.3515236
cellsize      15
NODATA_value  -9999
[rows 90 to 119 of 511, columns 207 to 275 of 775]
24.8278 24.8735 24.9752 25.133 25.3891 25.6928 26.0351 26.4015 26.7867 27.1725 26.9272 26.6789 26.4223 26.1583 25.8839 25.6001 25.5152 25.4196 25.3175 25.2014 25.0778 24.9394 24.7655 24.5798 24.379 24.1599 23.9324 23.6925 23.6785 23.6483 23.5929 23.5086 23.3878 23.2299 22.7642 22.2589 21.7166 21.135 20.527 19.9008 19.2399 18.5942 17.9958 17.4657 17.0349 16.7299 16.1269 15.6639 15.3388 15.1302 15.0259 15.0129 15.4236 15.8904 16.4049 16.9351 17.4723 17.9996 18.8494 19.6701 20.452 21.1939 21.8879 22.5316 22.6107 22.6362 22.604 22.5093 22.3557
24.9661 24.9834 25.0578 25.1897 25.3983 25.6649 25.971 26.2952 26.6065 26.8037 26.7456 26.5586 26.3415 26.1093 25.8706 25.6569 25.5143 25.4023 25.2853 25.1599 25.0301 24.8821 24.7213 24.5471 24.361 24.1666 23.9733 23.8089 23.7354 23.6878 23.6256 23.5352 23.4074 23.1957 22.8391 22.3933 21.902 21.3746 20.8183 20.2446 19.6523 19.0606 18.5039 17.9976 17.5444 17.1046 16.5939 16.099 15.7052 15.4092 15.2243 15.199 15.3982 15.726 16.1273 16.5759 17.0735 17.6601 18.3982 19.2055 20.0108 20.7847 21.496 22.0557 22.3482 22.4721 22.514 22.4889 22.4193
25.0479 25.0348 25.0728 25.1744 25.3396 25.5574 25.8054 26.0734 26.3048 26.4459 26.4482 26.3455 26.189 26.0192 25.8346 25.6643 25.5118 25.3762 25.2393 25.1009 24.9608 24.8148 24.6654 24.5099 24.3431 24.1815 24.0276 23.8951 23.8052 23.7334 23.6462 23.5462 23.3988 23.1778 22.8725 22.492 22.062 21.5921 21.0905 20.561 20.0138 19.4624 18.9238 18.4199 17.932 17.4399 16.9282 16.4314 15.9918 15.6523 15.4156 15.3233 15.3848 15.581 15.8736 16.2447 16.7046 17.278 17.9708 18.7469 19.5508 20.3359 21.0521 21.6304 22.0308 22.2753 22.4172 22.4929 22.5256
25.0802 25.0229 25.0248 25.0849 25.2076 25.3783 25.584 25.793 25.978 26.095 26.1299 26.0852 25.9991 25.8893 25.7636 25.6232 25.4802 25.3299 25.1808 25.0295 24.8823 24.7394 24.6014 24.4625 24.3283 24.1955 24.0695 23.9583 23.8617 23.7719 23.6713 23.5529 23.3971 23.1837 22.9133 22.5826 22.2043 21.7843 21.3352 20.8497 20.3382 19.8097 19.285 18.7683 18.2628 17.7444 17.2149 16.6939 16.2265 15.8336 15.541 15.3722 15.3366 15.4174 15.6121 15.9049 16.3077 16.8384 17.4999 18.2575 19.0697 19.8775 20.6255 21.2571 21.7336 22.0685 22.3114 22.4881 22.6202
25.066 24.9641 24.9133 24.9299 25.0139 25.153 25.3218 25.4911 25.6415 25.7474 25.8065 25.8118 25.7817 25.731 25.662 25.5571 25.4254 25.27 25.1066 24.9469 24.7872 24.6458 24.5255 24.4181 24.3127 24.2098 24.1013 24.003 23.909 23.8147 23.7033 23.5734 23.4076 23.2036 22.9618 22.6776 22.3493 21.9815 21.5744 21.1259 20.6372 20.1215 19.5972 19.0766 18.5532 18.014 17.4593 16.9077 16.3979 15.955 15.6058 15.3613 15.241 15.2338 15.3337 15.5399 15.863 16.3367 16.975 17.7368 18.5694 19.4164 20.2238 20.9217 21.4567 21.8572 22.1832 22.4597 22.6915
25.0031 24.8524 24.7445 24.7105 24.773 24.891 25.0309 25.1726 25.3005 25.4025 25.4738 25.5201 25.5375 25.5356 25.523 25.4707 25.3398 25.1747 25.0084 24.8423 24.6757 24.5333 24.442 24.3659 24.2904 24.2091 24.1205 24.0322 23.9448 23.8466 23.7338 23.5956 23.424 23.2264 23.0138 22.7674 22.4826 22.1568 21.7965 21.3842 20.9027 20.3881 19.8667 19.3403 18.8153 18.267 17.6701 17.076 16.5211 16.0281 15.6121 15.2995 15.1048 15.0211 15.0343 15.1476 15.369 15.7592 16.3902 17.1709 18.0282 18.9261 19.8262 20.619 21.1704 21.6019 21.9973 22.3708 22.7183
24.9006 24.7105 24.5577 24.443 24.5177 24.6174 24.7353 24.8569 24.9678 25.0573 25.1497 25.2192 25.2698 25.3059 25.3411 25.3778 25.2087 25.0488 24.8926 24.7346 24.5743 24.4078 24.3736 24.3307 24.28 24.2159 24.1392 24.0565 23.9822 23.8907 23.7784 23.6388 23.4663 23.2533 23.0843 22.8733 22.6148 22.3187 21.9932 21.6366 21.1316 20.6158 20.088 19.5525 19.0242 18.5043 17.8359 17.1978 16.6023 16.0611 15.5857 15.1883 14.9463 14.7911 14.7268 14.7542 14.8813 15.1003 15.7965 16.5829 17.4422 18.3628 19.3326 20.3319 20.7779 21.2445 21.7187 22.1913 22.6566
24.7693 24.5528 24.3845 24.2865 24.2897 24.3556 24.4457 24.5484 24.6466 24.745 24.8353 24.915 24.9821 25.0339 25.0738 25.0778 24.9965 24.8834 24.7626 24.6391 24.518 24.4118 24.3589 24.3232 24.2849 24.2373 24.1762 24.1032 24.0322 23.9482 23.8384 23.7081 23.551 23.3716 23.1901 22.9903 22.7469 22.4671 22.1438 21.7636 21.3037 20.7934 20.2624 19.7154 19.1525 18.5649 17.9221 17.2682 16.644 16.0637 15.5446 15.1115 14.7836 14.5557 14.4211 14.3877 14.4751 14.7421 15.2747 15.9871 16.8013 17.6902 18.6137 19.4765 20.1503 20.74 21.3236 21.8974 22.4391
24.6108 24.381 24.2008 24.0919 24.0639 24.0977 24.1663 24.2544 24.3482 24.4405 24.5312 24.6135 24.6856 24.7442 24.7808 24.7904 24.7596 24.7003 24.6297 24.555 24.4765 24.4099 24.3696 24.3417 24.3119 24.2735 24.2226 24.1592 24.0941 24.017 23.9176 23.7967 23.6562 23.4945 23.3184 23.1186 22.8769 22.6026 22.2796 21.895 21.4485 20.9463 20.402 19.8364 19.2432 18.6224 17.9705 17.306 16.6543 16.0427 15.488 15.0067 14.6148 14.3166 14.1146 14.027 14.0743 14.3088 14.7506 15.3681 16.1066 16.929 17.7862 18.6221 19.3955 20.1204 20.8257 21.508 22.1363
24.4371 24.1863 23.992 23.867 23.823 23.8413 23.9015 23.9789 24.064 24.1529 24.244 24.3284 24.4042 24.4586 24.5 24.5202 24.5327 24.5282 24.5103 24.478 24.4428 24.4114 24.3898 24.3753 24.3597 24.3289 24.2813 24.2278 24.1662 24.0966 24.008 23.9032 23.7703 23.618 23.4478 23.2475 23.0123 22.7419 22.4205 22.0388 21.5924 21.0812 20.5294 19.942 19.326 18.6813 18.0109 17.3261 16.6538 16.0081 15.4147 14.8866 14.4394 14.0781 13.8128 13.6546 13.6391 13.8039 14.1704 14.7108 15.3801 16.1328 16.9345 17.7613 18.5934 19.4259 20.2544 21.0591 21.8001
24.2554 23.9827 23.7565 23.6161 23.5705 23.5983 23.6619 23.7345 23.8083 23.8922 23.9871 24.0783 24.1558 24.2075 24.2421 24.2776 24.3298 24.3809 24.4152 24.4256 24.4219 24.4192 24.4245 24.4351 24.432 24.4057 24.3569 24.3037 24.2493 24.1928 24.1145 24.0189 23.8913 23.7476 23.5757 23.3811 23.1506 22.8834 22.5712 22.1958 21.7376 21.2201 20.6515 20.0451 19.4124 18.7467 18.0564 17.3518 16.6522 15.9729 15.333 14.757 14.263 13.8536 13.5212 13.2788 13.1641 13.2398 13.5444 14.0402 14.6485 15.3317 16.0744 16.8812 17.7581 18.6866 19.634 20.5693 21.4488
24.0787 23.7842 23.5191 23.3439 23.3275 23.3893 23.465 23.532 23.5942 23.6608 23.7665 23.8768 23.96 24.007 24.0257 24.0573 24.1613 24.281 24.3669 24.4148 24.4293 24.4421 24.4874 24.5279 24.5411 24.5159 24.4566 24.3908 24.3531 24.307 24.2387 24.1433 24.0166 23.8704 23.7019 23.5067 23.2807 23.0249 22.7257 22.3604 21.8897 21.3516 20.765 20.146 19.4986 18.8215 18.1115 17.3861 16.6614 15.9447 15.2558 14.628 14.1076 13.6625 13.268 12.9342 12.6825 12.6277 12.9146 13.3913 13.9465 14.555 15.2168 15.9762 16.8981 17.9072 18.9506 20.0109 21.0562
23.9157 23.6248 23.3401 23.0643 23.1579 23.2504 23.3316 23.3995 23.4467 23.4678 23.6222 23.7481 23.8402 23.8912 23.901 23.8657 24.0839 24.2586 24.3864 24.468 24.5013 24.491 24.6062 24.6729 24.6995 24.6783 24.6053 24.4882 24.4943 24.4546 24.3794 24.2758 24.1476 23.9969 23.8195 23.6238 23.3966 23.1468 22.8678 22.5458 22.0259 21.4681 20.8703 20.2424 19.5875 18.9064 18.1778 17.4373 16.6911 15.9483 15.2209 14.5142 14.0129 13.5374 13.0941 12.6888 12.3201 11.9925 12.3952 12.8381 13.3222 13.8544 14.4232 15.0353 16.0482 17.1039 18.1991 19.336 20.5125
23.7884 23.5271 23.2957 23.1454 23.1425 23.208 23.2814 23.3475 23.4021 23.4749 23.5886 23.7039 23.8039 23.875 23.9268 23.9984 24.1533 24.3288 24.4839 24.5965 24.6736 24.7361 24.8193 24.887 24.9149 24.898 24.8388 24.7637 24.7088 24.6426 24.5427 24.4193 24.2777 24.1104 23.9267 23.725 23.4993 23.2464 22.9547 22.5893 22.1146 21.5641 20.9667 20.3336 19.6689 18.9764 18.2471 17.5014 16.7486 16.0012 15.2724 14.5988 14.0191 13.5035 13.0296 12.5973 12.2307 12.0307 12.1458 12.4418 12.8109 13.2473 13.7607 14.4149 15.2843 16.292 17.3732 18.5102 19.6556
23.6843 23.4815 23.3196 23.2206 23.2041 23.2395 23.2997 23.3641 23.4338 23.5163 23.6182 23.7289 23.8404 23.9366 24.0325 24.1492 24.3026 24.473 24.6395 24.7894 24.905 25.0013 25.0855 25.1452 25.1737 25.1628 25.117 25.0434 24.9572 24.8519 24.7246 24.561 24.3925 24.2105 24.0184 23.8147 23.5866 23.3254 23.0219 22.6466 22.1842 21.6466 21.0509 20.418 19.753 19.0563 18.3314 17.5843 16.8341 16.0876 15.3705 14.7008 14.0957 13.5522 13.063 12.6275 12.2751 12.0675 12.0368 12.1589 12.3873 12.714 13.1557 13.7514 14.5301 15.4577 16.4864 17.5684 18.6551
23.5935 23.4547 23.3571 23.3003 23.2902 23.3133 23.3609 23.4242 23.4964 23.5838 23.6849 23.7992 23.916 24.038 24.1646 24.3093 24.4734 24.655 24.8365 25.0078 25.1619 25.2849 25.3726 25.4271 25.4536 25.4503 25.4058 25.3281 25.211 25.0647 24.8919 24.7002 24.493 24.2903 24.0849 23.8784 23.6509 23.3983 23.0914 22.7177 22.2571 21.7196 21.1264 20.4983 19.8365 19.145 18.4248 17.6831 16.9339 16.1951 15.4872 14.8194 14.2062 13.655 13.1576 12.7204 12.3644 12.106 11.964 11.9367 12.0171 12.2123 12.5434 13.0468 13.7394 14.5904 15.5548 16.582 17.6261
23.5112 23.4392 23.4006 23.3885 23.3861 23.4064 23.4471 23.5076 23.5845 23.6745 23.775 23.8862 24.0126 24.1508 24.3044 24.4691 24.6449 24.8308 25.0302 25.2296 25.4214 25.5706 25.6589 25.7032 25.7255 25.7279 25.6935 25.6138 25.4643 25.2674 25.0466 24.8125 24.5671 24.3385 24.1219 23.9133 23.6902 23.4504 23.1637 22.797 22.3306 21.7854 21.1885 20.567 19.9239 19.2478 18.5323 17.7935 17.0483 16.3179 15.6142 14.9502 14.3422 13.7873 13.2873 12.8488 12.4716 12.1591 11.9145 11.751 11.6809 11.7272 11.916 12.304 12.9143 13.7138 14.6257 15.6016 16.6067
23.447 23.4392 23.4561 23.4865 23.4935 23.5087 23.5447 23.6045 23.6857 23.7786 23.8753 23.9847 24.1131 24.2673 24.4396 24.6244 24.8043 24.9951 25.208 25.4381 25.6687 25.8577 25.9311 25.9549 25.9683 25.9778 25.9672 25.8928 25.6983 25.4462 25.176 24.8995 24.6177 24.351 24.1297 23.923 23.7099 23.485 23.231 22.8946 22.4038 21.83 21.2287 20.6181 20.0025 19.3571 18.6448 17.9082 17.1744 16.453 15.7578 15.0953 14.4962 13.953 13.4497 12.9977 12.6032 12.2437 11.8918 11.5926 11.3811 11.2711 11.2853 11.518 12.0862 12.8575 13.726 14.6499 15.6102
23.4045 23.4443 23.5114 23.605 23.5901 23.6011 23.637 23.7 23.782 23.8849 23.9678 24.0735 24.2035 24.3608 24.546 24.7594 24.9226 25.1166 25.3387 25.5854 25.8523 26.1333 26.1316 26.1346 26.1454 26.1598 26.1655 26.1669 25.8708 25.5663 25.2615 24.9534 24.6372 24.3225 24.1123 23.9009 23.6822 23.4633 23.237 23.0016 22.4122 21.82 21.2196 20.6222 20.0393 19.4685 18.7292 18.0085 17.3 16.6027 15.9191 15.249 14.6856 14.1394 13.626 13.1515 12.73 12.3749 11.8755 11.4581 11.1244 10.8855 10.7432 10.7022 11.3474 12.083 12.8924 13.7645 14.679
23.3981 23.455 23.5338 23.6075 23.6461 23.6782 23.7215 23.7838 23.8596 23.9484 24.0399 24.143 24.2701 24.4235 24.5987 24.7874 24.9737 25.1767 25.4044 25.6513 25.8979 26.0978 26.1844 26.2195 26.2382 26.2482 26.2287 26.139 25.9164 25.6165 25.299 24.9737 24.6515 24.3484 24.0896 23.849 23.6106 23.3706 23.1075 22.7709 22.2849 21.7266 21.147 20.5658 19.9907 19.3945 18.7465 18.0809 17.42 16.7682 16.1234 15.5047 14.9199 14.3573 13.8194 13.3051 12.8202 12.3419 11.83 11.3461 10.9316 10.6095 10.4157 10.4463 10.8287 11.4361 12.1617 12.9721 13.8547
23.4179 23.4783 23.5568 23.6325 23.6935 23.7438 23.7991 23.8609 23.93 24.0084 24.095 24.1947 24.3152 24.4531 24.6098 24.7861 24.9764 25.1833 25.4085 25.644 25.8646 26.0433 26.1573 26.2193 26.2504 26.26 26.2164 26.0973 25.8865 25.6049 25.2938 24.9555 24.6283 24.3158 24.0299 23.763 23.503 23.2209 22.9157 22.5477 22.0944 21.5762 21.0229 20.4616 19.8962 19.3198 18.732 18.1372 17.5413 16.9507 16.3627 15.7735 15.1902 14.6113 14.0416 13.477 12.9217 12.3695 11.8141 11.2796 10.8046 10.4195 10.1834 10.1712 10.4253 10.8978 11.5209 12.2619 13.1063
23.4545 23.5198 23.6003 23.6819 23.7556 23.8206 23.8783 23.9382 23.9972 24.0661 24.1458 24.2358 24.3404 24.4601 24.5945 24.754 24.9381 25.144 25.3658 25.5893 25.7964 25.9674 26.0897 26.1648 26.2093 26.2174 26.1722 26.0481 25.8325 25.5488 25.2298 24.8907 24.5561 24.2362 23.9264 23.6359 23.3457 23.0422 22.7111 22.3348 21.8965 21.4066 20.8743 20.3277 19.7782 19.2346 18.7061 18.1886 17.6718 17.1501 16.6204 16.0692 15.496 14.9014 14.2979 13.6887 13.0776 12.4678 11.8635 11.282 10.7415 10.2883 9.9834 9.8929 10.0575 10.4372 10.9758 11.6326 12.4105
23.495 23.5716 23.6619 23.7523 23.8348 23.9065 23.9637 24.0173 24.0683 24.1255 24.1945 24.2739 24.3609 24.453 24.5616 24.6961 24.8698 25.0721 25.2879 25.5004 25.702 25.8688 25.9879 26.0673 26.1189 26.1374 26.1053 25.989 25.7609 25.4554 25.1208 24.7751 24.4341 24.1045 23.7796 23.4663 23.1596 22.8469 22.5088 22.1337 21.7083 21.2339 20.7188 20.1877 19.6526 19.1438 18.6783 18.2421 17.8098 17.3699 16.9088 16.4024 15.8401 15.2315 14.6017 13.9571 13.3045 12.6508 12.0067 11.3758 10.7699 10.229 9.8087 9.6208 9.7272 10.0701 10.5436 11.1058 11.7697
23.5462 23.6409 23.7452 23.8472 23.9385 24.0123 24.0713 24.1164 24.1502 24.1875 24.2496 24.3193 24.3874 24.4513 24.5165 24.6142 24.7808 24.9796 25.187 25.3923 25.5892 25.7548 25.8569 25.9262 25.9801 26.0138 26.0161 25.9225 25.6564 25.3107 24.9489 24.5931 24.254 23.9243 23.5908 23.2573 22.9446 22.6327 22.3101 21.9539 21.5431 21.0816 20.5898 20.0709 19.5389 19.0488 18.6649 18.3226 17.9802 17.618 17.2358 16.792 16.229 15.6054 14.9551 14.2869 13.6035 12.916 12.2494 11.5879 10.9262 10.2854 9.7032 9.3666 9.4974 9.8671 10.2908 10.7424 11.2325
23.6099 23.7265 23.8497 23.9693 24.0655 24.1433 24.2018 24.2399 24.258 24.2581 24.3296 24.3855 24.4305 24.465 24.4908 24.5088 24.6979 24.8848 25.0676 25.2521 25.4375 25.6223 25.6758 25.7288 25.7772 25.8169 25.8452 25.8606 25.4728 25.0822 24.7008 24.3382 24.0006 23.7027 23.3365 23.0024 22.7002 22.4022 22.1036 21.7937 21.3874 20.9558 20.4947 20.0023 19.4872 18.9456 18.7092 18.4543 18.1767 17.8793 17.5666 17.2374 16.6292 16.0018 15.3556 14.6852 13.9908 13.2712 12.6212 11.9462 11.2517 10.5532 9.8495 9.148 9.5435 9.929 10.3026 10.6614 10.9865
23.6888 23.8316 23.9762 24.1077 24.2149 24.298 24.3578 24.3953 24.4128 24.4251 24.4516 24.4781 24.4993 24.5104 24.521 24.5588 24.6597 24.7951 24.9366 25.0796 25.2193 25.3419 25.4168 25.467 25.5087 25.5319 25.5175 25.4129 25.1309 24.7628 24.3801 24.005 23.6585 23.3329 23.0099 22.7055 22.4253 22.1553 21.8857 21.5847 21.2392 20.8545 20.4408 20.0074 19.5674 19.164 18.8786 18.6464 18.4044 18.1413 17.8486 17.483 16.9849 16.4084 15.7967 15.1545 14.4877 13.8097 13.1356 12.4617 11.78 11.1038 10.4737 10.0606 10.0908 10.3371 10.6282 10.9328 11.2669
23.7899 23.9584 24.1251 24.2723 24.3908 24.4774 24.5387 24.5745 24.5918 24.5975 24.5985 24.5936 24.5872 24.5752 24.5704 24.5886 24.6363 24.7071 24.79 24.8796 24.9671 25.0482 25.1115 25.1582 25.1889 25.1879 25.1299 24.9837 24.7241 24.3817 24.0072 23.6222 23.257 22.9248 22.6286 22.3691 22.1386 21.9049 21.6692 21.4068 21.1142 20.7888 20.4367 20.0676 19.7066 19.3807 19.1163 18.8852 18.6555 18.4186 18.1391 17.7888 17.3506 16.8393 16.2809 15.6836 15.0638 14.4236 13.7739 13.1212 12.4759 11.863 11.3417 11.0021 10.9086 11.0075 11.2093 11.4787 11.8298
23.9012 24.1066 24.3013 24.4672 24.5917 24.6777 24.7344 24.7672 24.7813 24.7747 24.7507 24.7148 24.6786 24.6438 24.6168 24.6035 24.6035 24.6126 24.6347 24.6629 24.6968 24.7391 24.7871 24.8283 24.8522 24.8331 24.753 24.5891 24.3322 23.9953 23.6127 23.2087 22.8241 22.4931 22.2286 22.0246 21.8475 21.6712 21.4779 21.2654 21.0217 20.7604 20.4676 20.165 19.8659 19.5922 19.3581 19.1472 18.9406 18.7222 18.4641 18.1482 17.7601 17.3047 16.8023 16.2656 15.7015 15.1089 14.497 13.8796 13.2806 12.7314 12.2812 11.9646 11.813 11.8204 11.9467 12.1695 12.4893
24.0255 24.2748 24.5078 24.6939 24.816 24.8879 24.9318 24.9586 24.9703 24.9529 24.8985 24.8248 24.7545 24.6941 24.6473 24.6038 24.5571 24.5108 24.4723 24.4367 24.4175 24.4224 24.4567 24.5008 24.523 24.4978 24.4106 24.2402 23.9789 23.633 23.2328 22.7983 22.3791 22.0397 21.8246 21.6947 21.5918 21.4762 21.3329 21.1691 20.9774 20.7635 20.526 20.2783 20.0266 19.7977 19.5938 19.4127 19.2336 19.0462 18.83 18.557 18.2132 17.8089 17.3624 16.888 16.3894 15.8533 15.2829 14.7024 14.1434 13.648 13.2297 12.9198 12.7368 12.6832 12.7496 12.921 13.1901
24.1736 24.4639 24.738 24.9527 25.0528 25.0918 25.1147 25.1307 25.1446 25.1257 25.0262 24.9048 24.7971 24.7133 24.6517 24.5911 24.4967 24.3953 24.3017 24.2147 24.136 24.0931 24.131 24.1919 24.222 24.2032 24.1223 23.9557 23.6825 23.3256 22.905 22.4386 21.9545 21.5712 21.4453 21.4218 21.394 21.3406 21.2486 21.1246 20.9852 20.8176 20.6269 20.4199 20.2044 20.0072 19.8406 19.6895 19.5424 19.3912 19.2232 19.0045 18.6923 18.3275 17.9359 17.5259 17.0999 16.6341 16.096 15.5457 15.024 14.5552 14.1644 13.8605 13.6467 13.5389 13.548 13.6701 13.8933
