gisdata/mazagao/elevation.asc
ncols         775
nrows         511
xllcorner     452742.23554282
yllcorner     9968393.3515236
cellsize      15
NODATA_value  -9999
[rows 90 to 119 of 511, columns 621 to 689 of 775]
-9999 -9999 -9999 -9999 -9999 -9999 -9999 -9999 -9999 -9999 -9999 -9999 -9999 -9999 -9999 -9999 -9999 -9999 -9999 -9999 -9999 -9999 -9999 -9999 -9999 -9999 -9999 -9999 -9999 -9999 -9999 -9999 -9999 -9999 -9999 -9999 -9999 -9999 -9999 -9999 -9999 -9999 -9999 -9999 -9999 -9999 -9999 -9999 -9999 -9999 -9999 -9999 -9999 -9999 -9999 -9999 -9999 -9999 -9999 -9999 -9999 -9999 -9999 -9999 -9999 -9999 -9999 -9999 -9999
-9999 -9999 -9999 -9999 -9999 -9999 -9999 -9999 -9999 -9999 -9999 -9999 -9999 -9999 -9999 -9999 -9999 -9999 -9999 -9999 -9999 -9999 -9999 -9999 -9999 -9999 -9999 -9999 -9999 -9999 -9999 -9999 -9999 -9999 -9999 -9999 -9999 -9999 -9999 -9999 -9999 -9999 -9999 -9999 -9999 -9999 -9999 -9999 -9999 -9999 -9999 -9999 -9999 -9999 -9999 -9999 -9999 -9999 -9999 -9999 -9999 -9999 -9999 -9999 -9999 -9999 -9999 -9999 -9999
-9999 -9999 -9999 -9999 -9999 -9999 -9999 -9999 -9999 -9999 -9999 -9999 -9999 -9999 -9999 -9999 -9999 -9999 -9999 -9999 -9999 -9999 -9999 -9999 -9999 -9999 -9999 -9999 -9999 -9999 -9999 -9999 -9999 -9999 -9999 -9999 -9999 -9999 -9999 -9999 -9999 -9999 -9999 -9999 -9999 -9999 -9999 -9999 -9999 -9999 -9999 -9999 -9999 -9999 -9999 -9999 -9999 -9999 -9999 -9999 -9999 -9999 -9999 -9999 -9999 -9999 -9999 -9999 -9999
-9999 -9999 -9999 -9999 -9999 -9999 -9999 -9999 -9999 -9999 -9999 -9999 -9999 -9999 -9999 -9999 -9999 -9999 -9999 -9999 -9999 -9999 -9999 -9999 -9999 -9999 -9999 -9999 -9999 -9999 -9999 -9999 -9999 -9999 -9999 -9999 -9999 -9999 -9999 -9999 -9999 -9999 -9999 -9999 -9999 -9999 -9999 -9999 -9999 -9999 -9999 -9999 -9999 -9999 -9999 -9999 -9999 -9999 -9999 -9999 -9999 -9999 -9999 -9999 -9999 -9999 -9999 -9999 -9999
22.0025 21.5882 21.2099 20.9145 -9999 -9999 -9999 -9999 -9999 -9999 -9999 -9999 -9999 -9999 -9999 -9999 -9999 -9999 -9999 -9999 -9999 -9999 -9999 -9999 -9999 -9999 -9999 -9999 -9999 -9999 -9999 -9999 -9999 -9999 -9999 -9999 -9999 -9999 -9999 -9999 -9999 -9999 -9999 -9999 -9999 -9999 -9999 -9999 -9999 -9999 -9999 -9999 -9999 -9999 -9999 -9999 -9999 -9999 -9999 -9999 -9999 -9999 -9999 -9999 -9999 -9999 -9999 -9999 -9999
22.0878 21.6311 21.1816 20.8278 20.7 20.6633 20.6375 20.5931 -9999 -9999 -9999 -9999 -9999 -9999 -9999 -9999 -9999 -9999 -9999 -9999 -9999 -9999 -9999 -9999 -9999 -9999 -9999 -9999 -9999 -9999 -9999 -9999 -9999 -9999 -9999 -9999 -9999 -9999 -9999 -9999 -9999 -9999 -9999 -9999 -9999 -9999 -9999 -9999 -9999 -9999 -9999 -9999 -9999 -9999 -9999 -9999 -9999 -9999 -9999 -9999 -9999 -9999 -9999 -9999 -9999 -9999 -9999 -9999 -9999
22.2257 21.7508 21.255 20.7325 20.7767 20.7872 20.7684 20.7143 20.6364 20.5346 20.6072 20.6667 -9999 -9999 -9999 -9999 -9999 -9999 -9999 -9999 -9999 -9999 -9999 -9999 -9999 -9999 -9999 -9999 -9999 -9999 -9999 -9999 -9999 -9999 -9999 -9999 -9999 -9999 -9999 -9999 -9999 -9999 -9999 -9999 -9999 -9999 -9999 -9999 -9999 -9999 -9999 -9999 -9999 -9999 -9999 -9999 -9999 -9999 -9999 -9999 -9999 -9999 -9999 -9999 -9999 -9999 -9999 -9999 -9999
22.412 21.9835 21.5608 21.2258 21.0989 21.051 21.0012 20.9311 20.844 20.7784 20.7645 20.7813 20.8083 20.8255 20.8517 20.9043 -9999 -9999 -9999 -9999 -9999 -9999 -9999 -9999 -9999 -9999 -9999 -9999 -9999 -9999 -9999 -9999 -9999 -9999 -9999 -9999 -9999 -9999 -9999 -9999 -9999 -9999 -9999 -9999 -9999 -9999 -9999 -9999 -9999 -9999 -9999 -9999 -9999 -9999 -9999 -9999 -9999 -9999 -9999 -9999 -9999 -9999 -9999 -9999 -9999 -9999 -9999 -9999 -9999
22.6386 22.2908 21.9683 21.7063 21.534 21.4181 21.32 21.2212 21.126 21.0386 20.9806 20.9335 20.9082 20.8847 20.8887 20.9053 20.9439 21.0106 21.1473 21.2721 -9999 -9999 -9999 -9999 -9999 -9999 -9999 -9999 -9999 -9999 -9999 -9999 -9999 -9999 -9999 -9999 -9999 -9999 -9999 -9999 -9999 -9999 -9999 -9999 -9999 -9999 -9999 -9999 -9999 -9999 -9999 -9999 -9999 -9999 -9999 -9999 -9999 -9999 -9999 -9999 -9999 -9999 -9999 -9999 -9999 -9999 -9999 -9999 -9999
22.8779 22.6228 22.3874 22.1787 21.9933 21.828 21.6812 21.5472 21.4291 21.3113 21.2052 21.1008 21.0157 20.9477 20.9176 20.9049 20.9201 20.9644 21.0794 21.1998 21.3624 21.5617 21.8102 22.0921 -9999 -9999 -9999 -9999 -9999 -9999 -9999 -9999 -9999 -9999 -9999 -9999 -9999 -9999 -9999 -9999 -9999 -9999 -9999 -9999 -9999 -9999 -9999 -9999 -9999 -9999 -9999 -9999 -9999 -9999 -9999 -9999 -9999 -9999 -9999 -9999 -9999 -9999 -9999 -9999 -9999 -9999 -9999 -9999 -9999
23.1049 22.9399 22.7972 22.6379 22.4406 22.2288 22.032 21.8702 21.7283 21.5891 21.4251 21.2594 21.1161 21.0109 20.9363 20.8958 20.8855 20.9297 20.999 21.1177 21.2758 21.4908 21.7544 22.0619 22.396 22.7331 23.0883 23.4598 -9999 -9999 -9999 -9999 -9999 -9999 -9999 -9999 -9999 -9999 -9999 -9999 -9999 -9999 -9999 -9999 -9999 -9999 -9999 -9999 -9999 -9999 -9999 -9999 -9999 -9999 -9999 -9999 -9999 -9999 -9999 -9999 -9999 -9999 -9999 -9999 -9999 -9999 -9999 -9999 -9999
23.297 23.224 23.1749 23.0819 22.8452 22.5727 22.3407 22.1492 22.0011 21.8513 21.6228 21.3863 21.1914 21.0417 20.9377 20.8755 20.8403 20.8561 20.9142 21.0234 21.1794 21.4024 21.7007 22.0476 22.4073 22.7864 23.1546 23.5394 23.9813 24.426 24.8312 25.2033 -9999 -9999 -9999 -9999 -9999 -9999 -9999 -9999 -9999 -9999 -9999 -9999 -9999 -9999 -9999 -9999 -9999 -9999 -9999 -9999 -9999 -9999 -9999 -9999 -9999 -9999 -9999 -9999 -9999 -9999 -9999 -9999 -9999 -9999 -9999 -9999 -9999
23.4399 23.4183 23.4436 23.5163 23.1354 22.8121 22.5469 22.3359 22.1892 22.0952 21.7471 21.4516 21.2122 21.0296 20.9069 20.8374 20.7702 20.768 20.8186 20.9291 21.0932 21.3058 21.6682 22.0625 22.4708 22.8848 23.277 23.6333 24.1636 24.6442 25.0707 25.4525 25.7819 26.0727 26.3459 26.5846 -9999 -9999 -9999 -9999 -9999 -9999 -9999 -9999 -9999 -9999 -9999 -9999 -9999 -9999 -9999 -9999 -9999 -9999 -9999 -9999 -9999 -9999 -9999 -9999 -9999 -9999 -9999 -9999 -9999 -9999 -9999 -9999 -9999
23.5226 23.5054 23.4984 23.4321 23.1932 22.9052 22.6389 22.4063 22.2124 22.0075 21.7184 21.4302 21.1763 20.9715 20.8243 20.7243 20.6624 20.6599 20.7165 20.8387 21.0283 21.3006 21.6745 22.1127 22.5802 23.0536 23.511 23.9673 24.4568 24.9291 25.3548 25.7323 26.0599 26.3495 26.6077 26.8372 27.0387 27.1901 27.2835 27.3241 -9999 -9999 -9999 -9999 -9999 -9999 -9999 -9999 -9999 -9999 -9999 -9999 -9999 -9999 -9999 -9999 -9999 -9999 -9999 -9999 -9999 -9999 -9999 -9999 -9999 -9999 -9999 -9999 -9999
23.5563 23.5088 23.4527 23.339 23.141 22.8903 22.6293 22.382 22.1486 21.9009 21.6236 21.3452 21.0903 20.8726 20.7061 20.5954 20.5336 20.5374 20.6043 20.7453 20.9648 21.2801 21.6938 22.1866 22.7262 23.2768 23.8113 24.328 24.8151 25.2675 25.6733 26.0356 26.353 26.6298 26.8774 27.0868 27.2716 27.4159 27.4978 27.5275 27.5021 27.4307 27.347 27.2012 -9999 -9999 -9999 -9999 -9999 -9999 -9999 -9999 -9999 -9999 -9999 -9999 -9999 -9999 -9999 -9999 -9999 -9999 -9999 -9999 -9999 -9999 -9999 -9999 -9999
23.553 23.4737 23.3791 23.2414 23.0555 22.8185 22.5634 22.3066 22.0441 21.7692 21.5006 21.2284 20.9739 20.748 20.5696 20.4431 20.3936 20.409 20.4907 20.6467 20.8843 21.233 21.7033 22.2693 22.8944 23.533 24.1497 24.7163 25.2089 25.6305 26.0072 26.3453 26.641 26.8983 27.1252 27.3159 27.4851 27.6241 27.7045 27.7206 27.6637 27.5452 27.4156 27.2553 27.0798 26.9031 26.7265 26.5582 -9999 -9999 -9999 -9999 -9999 -9999 -9999 -9999 -9999 -9999 -9999 -9999 -9999 -9999 -9999 -9999 -9999 -9999 -9999 -9999 -9999
23.5198 23.415 23.2971 23.1473 22.9589 22.7354 22.4763 22.2101 21.9313 21.6489 21.3806 21.1218 20.8654 20.6278 20.4285 20.2921 20.2584 20.3002 20.3954 20.5558 20.7883 21.1555 21.6923 22.3583 23.0737 23.8112 24.518 25.1335 25.6193 26.005 26.3337 26.639 26.9118 27.1507 27.3433 27.5078 27.6565 27.7903 27.8871 27.9009 27.7961 27.6297 27.4303 27.2302 27.0405 26.8499 26.6527 26.4628 26.289 26.1268 25.9862 25.8478 -9999 -9999 -9999 -9999 -9999 -9999 -9999 -9999 -9999 -9999 -9999 -9999 -9999 -9999 -9999 -9999 -9999
23.472 23.3504 23.2147 23.0581 22.8666 22.6467 22.3946 22.1207 21.82 21.5327 21.278 21.0371 20.7884 20.5404 20.3019 20.151 20.1531 20.2385 20.3574 20.5068 20.7003 21.0422 21.6739 22.4524 23.2676 24.0955 24.9038 25.5952 26.0303 26.3414 26.6199 26.8916 27.1421 27.3622 27.5104 27.629 27.7542 27.8857 28.016 28.0535 27.8696 27.6105 27.3526 27.1319 26.9351 26.7428 26.5227 26.311 26.1203 25.9709 25.8456 25.7242 25.5746 25.4205 25.2901 25.1546 -9999 -9999 -9999 -9999 -9999 -9999 -9999 -9999 -9999 -9999 -9999 -9999 -9999
23.4038 23.2729 23.1343 22.9752 22.7864 22.5708 22.3235 22.0559 21.7537 21.4289 21.2296 21.0066 20.7653 20.5184 20.263 20.0192 20.1388 20.2696 20.4081 20.5596 20.7222 20.8962 21.74 22.5994 23.4645 24.3368 25.2173 26.1016 26.3369 26.581 26.823 27.0665 27.3015 27.5276 27.5904 27.651 27.7375 27.8472 27.9889 28.179 27.7883 27.4493 27.1641 26.9279 26.7314 26.5769 26.3132 26.0834 25.8926 25.7416 25.6368 25.5675 25.3857 25.243 25.1182 24.9982 24.8979 24.7969 24.6243 24.4537 -9999 -9999 -9999 -9999 -9999 -9999 -9999 -9999 -9999
23.3206 23.1879 23.0499 22.8939 22.7117 22.5075 22.2778 22.0261 21.7576 21.4947 21.2644 21.0427 20.8153 20.583 20.3778 20.2562 20.2913 20.4143 20.5734 20.7625 20.9932 21.3708 22.0325 22.8323 23.6655 24.5032 25.317 25.999 26.4106 26.6896 26.9274 27.148 27.3423 27.4843 27.5397 27.5611 27.5886 27.6284 27.6706 27.6412 27.411 27.112 26.842 26.6071 26.4035 26.2089 25.991 25.7745 25.589 25.4373 25.3285 25.2287 25.1096 25.0021 24.9065 24.8119 24.7262 24.6182 24.4699 24.3023 24.1396 23.9682 23.8122 23.6705 -9999 -9999 -9999 -9999 -9999
23.2253 23.0982 22.9664 22.8159 22.6468 22.4569 22.2479 22.0321 21.8082 21.5786 21.356 21.1367 20.9186 20.7242 20.5753 20.5012 20.533 20.6532 20.8343 21.0696 21.3776 21.8127 22.4092 23.118 23.8747 24.631 25.3399 25.9376 26.3836 26.7028 26.9552 27.1569 27.3087 27.397 27.4121 27.3777 27.3288 27.2698 27.1957 27.0711 26.8706 26.6342 26.4019 26.1895 25.9895 25.7961 25.5961 25.4002 25.2239 25.0692 24.9496 24.856 24.7804 24.7176 24.6659 24.6055 24.5418 24.4476 24.3115 24.1448 23.9697 23.7841 23.6111 23.4599 23.3459 23.2632 23.2511 -9999 -9999
23.1169 22.9979 22.8743 22.7341 22.5771 22.398 22.221 22.045 21.8669 21.6737 21.4709 21.258 21.062 20.8965 20.7875 20.7514 20.8068 20.9422 21.1529 21.4271 21.7743 22.2271 22.7836 23.4188 24.095 24.7638 25.3849 25.9229 26.3495 26.6785 26.9357 27.1258 27.2456 27.2833 27.2443 27.1398 26.9972 26.8339 26.6568 26.4643 26.2729 26.0826 25.8935 25.7115 25.5315 25.3526 25.1696 24.9894 24.8167 24.6606 24.5372 24.4556 24.4146 24.4054 24.4081 24.3947 24.3681 24.2949 24.1656 23.9903 23.7981 23.596 23.4022 23.2452 23.1288 23.0505 23.0338 23.0351 23.0575
23.0092 22.8951 22.7799 22.6523 22.5033 22.343 22.1949 22.0641 21.9354 21.7881 21.6045 21.4024 21.2182 21.0777 20.994 20.9904 21.0789 21.2525 21.491 21.7981 22.1646 22.6137 23.1412 23.7276 24.3307 24.92 25.465 25.943 26.3373 26.6505 26.8963 27.0704 27.1708 27.1681 27.0611 26.8702 26.6238 26.3558 26.0803 25.8312 25.6434 25.4991 25.3542 25.2078 25.0555 24.8955 24.731 24.5642 24.3955 24.2336 24.103 24.0301 24.0325 24.0811 24.1493 24.1943 24.2156 24.1714 24.043 23.8503 23.6325 23.4019 23.1916 23.0221 22.9076 22.8561 22.8236 22.8259 22.8553
22.8869 22.7757 22.6761 22.5675 22.4081 22.2564 22.139 22.0516 21.9925 21.9117 21.7334 21.537 21.3737 21.2534 21.1907 21.2141 21.3544 21.5758 21.8564 22.1781 22.549 22.9804 23.4929 24.0413 24.5877 25.1076 25.5825 25.9963 26.3449 26.6249 26.845 26.9996 27.0873 27.069 26.874 26.5822 26.2424 25.8714 25.485 25.163 25.0075 24.9222 24.823 24.7131 24.587 24.448 24.3009 24.1477 23.9828 23.8185 23.6659 23.5822 23.6457 23.7702 23.8947 24.0045 24.091 24.0932 23.9465 23.7155 23.4711 23.2188 22.9805 22.7906 22.6913 22.6517 22.6334 22.6399 22.6647
22.7483 22.6221 22.5204 22.4575 22.2568 22.1106 22.0162 21.9753 21.9846 22.0392 21.8123 21.6337 21.5038 21.4231 21.3945 21.4186 21.6425 21.9137 22.2341 22.5809 22.9549 23.3427 23.8599 24.3729 24.8694 25.3263 25.7342 26.0759 26.3759 26.6089 26.7827 26.901 26.9647 26.9985 26.6512 26.275 25.8674 25.4323 24.9597 24.4671 24.4528 24.4103 24.3395 24.2516 24.1454 24.0244 23.8984 23.7635 23.6114 23.4529 23.2895 23.1147 23.3155 23.5037 23.6707 23.8215 23.9549 24.0688 23.8337 23.5795 23.3211 23.0572 22.7985 22.5512 22.5077 22.4882 22.4825 22.4969 22.5195
22.5943 22.4212 22.2686 22.1367 21.9943 21.8814 21.8231 21.8137 21.8338 21.8442 21.7658 21.669 21.6039 21.5849 21.6231 21.744 21.9739 22.2792 22.6319 23.0101 23.406 23.8254 24.2822 24.7445 25.1804 25.5779 25.9243 26.2087 26.4347 26.6007 26.7101 26.755 26.7381 26.6202 26.3314 25.9429 25.5154 25.064 24.6145 24.2532 24.0881 24.0019 23.924 23.842 23.7489 23.6457 23.5382 23.4226 23.2967 23.1711 23.0598 23.0188 23.1263 23.3047 23.4789 23.6342 23.7533 23.7799 23.6452 23.4285 23.1826 22.9266 22.685 22.4945 22.404 22.3776 22.3802 22.4096 22.462
22.4142 22.173 21.9628 21.7906 21.6588 21.5835 21.5601 21.5797 21.6236 21.6604 21.6661 21.6616 21.6795 21.7343 21.8491 22.0398 22.3163 22.6575 23.0504 23.4627 23.8836 24.3087 24.7377 25.1463 25.5266 25.8627 26.143 26.3616 26.5188 26.6044 26.6274 26.5925 26.4856 26.287 25.9872 25.6107 25.1879 24.7565 24.3498 24.0205 23.8082 23.6744 23.5755 23.4884 23.4 23.3107 23.2216 23.1311 23.0386 22.9543 22.9033 22.9143 23.0056 23.1587 23.3181 23.462 23.556 23.5662 23.4604 23.2835 23.0591 22.8225 22.6033 22.4372 22.3395 22.3101 22.3211 22.3705 22.4523
22.2188 21.8943 21.6134 21.4018 21.2796 21.2339 21.2575 21.3163 21.3984 21.4825 21.5635 21.6417 21.7387 21.8677 22.0538 22.309 22.6431 23.0424 23.4808 23.9329 24.3796 24.807 25.2054 25.5717 25.8946 26.1726 26.3923 26.5436 26.619 26.6187 26.5595 26.4373 26.2506 25.9976 25.6778 25.2991 24.8928 24.4769 24.0914 23.7756 23.5493 23.3979 23.282 23.1887 23.1017 23.0237 22.9515 22.8869 22.8264 22.78 22.7662 22.8024 22.9004 23.0411 23.1943 23.3295 23.4143 23.4146 23.3316 23.1703 22.9618 22.7373 22.5289 22.3681 22.2864 22.2692 22.2959 22.3618 22.4649
22.0169 21.6028 21.2312 20.9721 20.8618 20.8714 20.9487 21.0575 21.1831 21.3232 21.4704 21.6276 21.7966 21.9958 22.2365 22.5509 22.9531 23.4227 23.9161 24.4162 24.8889 25.3194 25.6874 26.0031 26.2703 26.4928 26.6614 26.7508 26.7441 26.6523 26.5065 26.3024 26.0463 25.7469 25.4072 25.0309 24.6315 24.2208 23.8357 23.5213 23.2991 23.1538 23.0384 22.9415 22.8534 22.7802 22.7274 22.6875 22.6558 22.6349 22.6409 22.6915 22.8016 22.9469 23.1036 23.2406 23.3342 23.3433 23.2652 23.109 22.9053 22.6783 22.4657 22.3082 22.2491 22.2612 22.3119 22.3891 22.4952
21.8168 21.3061 20.8259 20.4893 20.4385 20.5267 20.6609 20.8203 20.9891 21.184 21.3998 21.6319 21.8766 22.1347 22.4137 22.7675 23.2598 23.8117 24.3662 24.9055 25.4106 25.849 26.1758 26.4284 26.6362 26.8059 26.9361 26.9794 26.8777 26.6929 26.4622 26.1863 25.8729 25.5278 25.1762 24.8098 24.4167 24.0048 23.6007 23.2637 23.0722 22.9567 22.8551 22.7564 22.6594 22.5804 22.5511 22.5407 22.5326 22.526 22.534 22.5842 22.7145 22.8792 23.0468 23.1996 23.3076 23.3472 23.263 23.1006 22.892 22.6626 22.4189 22.2503 22.2386 22.3025 22.3804 22.4638 22.5562
