gisdata/mazagao/elevation.asc
ncols         775
nrows         511
xllcorner     452742.23554282
yllcorner     9968393.3515236
cellsize      15
NODATA_value  -9999
[rows 120 to 149 of 511, columns 483 to 551 of 775]
23.107 23.0209 22.8949 22.7377 22.4542 22.1398 21.793 21.4295 21.0393 20.6234 20.7442 20.8341 20.8771 20.8679 20.8034 20.6655 21.0271 21.3068 21.4893 21.5721 21.551 21.4276 21.688 21.8323 21.8612 21.7753 21.5812 21.2798 21.3175 21.2639 21.1305 20.9385 20.7013 20.4358 20.659 20.8821 21.124 21.3923 21.6981 22.051 22.4727 22.9416 23.4519 23.9905 24.558 25.1388 25.4298 25.7226 26.0115 26.289 26.5596 26.8173 26.9948 27.1552 27.2999 27.4155 27.5158 27.5909 27.5042 27.4008 27.2845 27.1496 27.0079 26.8562 26.6457 26.4254 26.1906 25.9339 25.6555
23.4802 23.4043 23.2811 23.1045 22.8537 22.5517 22.2194 21.8752 21.5202 21.2551 21.1943 21.2067 21.2077 21.179 21.118 21.109 21.2672 21.4554 21.5868 21.6393 21.6302 21.6241 21.7197 21.8156 21.8339 21.762 21.6176 21.4616 21.3982 21.3399 21.2359 21.0926 20.9366 20.8596 20.975 21.1944 21.4527 21.7413 22.0648 22.4312 22.8459 23.3015 23.785 24.2879 24.7934 25.2469 25.5802 25.8489 26.0951 26.3196 26.5278 26.7097 26.8507 26.958 27.0481 27.1163 27.1684 27.1833 27.1336 27.0489 26.9571 26.8537 26.7427 26.6161 26.4651 26.2952 26.1108 25.9076 25.6977
23.8102 23.7633 23.6603 23.4995 23.2802 23.0106 22.7136 22.4127 22.1248 21.9046 21.7837 21.7281 21.6898 21.6518 21.6189 21.6262 21.6966 21.791 21.8593 21.8921 21.9003 21.9088 21.9468 21.9862 21.9833 21.9298 21.8357 21.7325 21.6509 21.5748 21.4827 21.3842 21.3046 21.2956 21.3933 21.5816 21.8274 22.1164 22.4418 22.8038 23.2057 23.6376 24.0888 24.5443 24.9821 25.3698 25.6838 25.936 26.1449 26.3253 26.4771 26.5973 26.6835 26.7431 26.7805 26.794 26.7948 26.7771 26.738 26.6803 26.6208 26.5486 26.4708 26.3864 26.2945 26.1915 26.0788 25.9554 25.8329
24.113 24.1098 24.0448 23.9168 23.7314 23.5017 23.2407 22.9867 22.7514 22.5606 22.4204 22.3267 22.2624 22.2158 22.1958 22.1971 22.2125 22.2339 22.2531 22.2604 22.264 22.2644 22.2727 22.2755 22.2572 22.2146 22.1523 22.0767 21.9941 21.9097 21.8262 21.7551 21.7192 21.74 21.8367 22.0044 22.2318 22.5066 22.8196 23.1703 23.5534 23.9635 24.3801 24.7883 25.1741 25.5124 25.7929 26.0177 26.1913 26.3219 26.4202 26.4856 26.5209 26.5289 26.5126 26.4711 26.423 26.378 26.3414 26.3135 26.2868 26.2497 26.2084 26.1705 26.1386 26.1098 26.0804 26.0445 25.9995
24.4042 24.4453 24.4321 24.3515 24.193 23.9896 23.7653 23.5551 23.3655 23.1999 23.0511 22.9397 22.8587 22.8142 22.8021 22.7956 22.7684 22.7309 22.705 22.6857 22.6813 22.6723 22.6554 22.6283 22.6045 22.5712 22.5315 22.4749 22.3919 22.2979 22.2165 22.1604 22.1424 22.1762 22.2735 22.4302 22.6408 22.8992 23.1939 23.5284 23.8923 24.2777 24.6673 25.0363 25.3763 25.6737 25.9186 26.1063 26.2434 26.3276 26.3725 26.3851 26.3714 26.3321 26.2631 26.1657 26.0607 25.9832 25.9576 25.9643 25.9716 25.9678 25.9589 25.9627 25.994 26.0443 26.098 26.1492 26.1846
24.666 24.7591 24.8078 24.7849 24.6412 24.4484 24.2562 24.0837 23.9431 23.81 23.6538 23.5194 23.4293 23.3901 23.4015 23.4041 23.3215 23.2227 23.154 23.1188 23.1073 23.1035 23.0584 23.003 22.9664 22.9466 22.9353 22.9051 22.8091 22.6994 22.6153 22.5646 22.5558 22.5982 22.695 22.8429 23.04 23.2799 23.5545 23.8661 24.2209 24.5884 24.9517 25.2948 25.6 25.859 26.0668 26.2199 26.3118 26.3512 26.3425 26.3012 26.2472 26.1681 26.0498 25.8981 25.7254 25.595 25.5996 25.6545 25.6972 25.7198 25.7322 25.7614 25.8573 25.9856 26.116 26.2495 26.376
24.9007 25.0253 25.1273 25.2162 25.0257 24.8435 24.673 24.5331 24.4375 24.3865 24.1749 24.0233 23.9262 23.8854 23.9169 24.002 23.8029 23.6585 23.5636 23.5143 23.503 23.5309 23.431 23.3552 23.3123 23.2983 23.3101 23.35 23.1968 23.0755 22.9917 22.9484 22.9477 22.9953 23.0907 23.2339 23.4207 23.6493 23.9073 24.1882 24.5446 24.9009 25.2481 25.5697 25.8458 26.0679 26.2483 26.3642 26.4126 26.4085 26.3484 26.241 26.1706 26.057 25.9012 25.7074 25.4775 25.2127 25.3351 25.43 25.4957 25.5368 25.5568 25.5641 25.756 25.9423 26.1273 26.3151 26.5089
25.1003 25.2311 25.3307 25.3616 25.2758 25.1403 25.0086 24.8944 24.7998 24.7012 24.559 24.4209 24.3234 24.2716 24.2606 24.2348 24.1238 23.9998 23.9009 23.8359 23.8085 23.7812 23.7177 23.6561 23.6128 23.5962 23.5933 23.5729 23.4899 23.3975 23.329 23.2962 23.3046 23.3578 23.4527 23.5949 23.7771 24.0014 24.258 24.5478 24.8759 25.219 25.5518 25.8585 26.1203 26.323 26.4647 26.5402 26.5495 26.5044 26.4102 26.288 26.1592 26.0074 25.826 25.6224 25.4106 25.2555 25.2529 25.3116 25.3759 25.4325 25.4817 25.5641 25.7253 25.918 26.1214 26.3219 26.5005
25.2637 25.3833 25.4648 25.4913 25.4494 25.3616 25.2683 25.1673 25.0697 24.9654 24.8434 24.7229 24.6215 24.5499 24.4974 24.4397 24.3492 24.248 24.1556 24.0911 24.0466 24.0056 23.9512 23.8986 23.8603 23.8361 23.8186 23.7864 23.7286 23.6639 23.6163 23.5987 23.6187 23.6794 23.7778 23.9179 24.1009 24.3257 24.5834 24.8755 25.1944 25.5267 25.8547 26.1577 26.4123 26.6001 26.7101 26.7428 26.7105 26.6285 26.5055 26.3557 26.189 26.0065 25.8129 25.6131 25.4275 25.2993 25.2585 25.2762 25.3253 25.3877 25.4613 25.5667 25.7199 25.9076 26.103 26.2927 26.4412
25.3925 25.5093 25.5788 25.609 25.5893 25.5389 25.4617 25.374 25.284 25.1848 25.0714 24.9572 24.8488 24.7573 24.6825 24.6075 24.5227 24.4339 24.3561 24.2938 24.2448 24.1979 24.1481 24.1018 24.0623 24.0358 24.0137 23.9822 23.9353 23.8875 23.857 23.8542 23.8878 23.9562 24.0592 24.1993 24.3792 24.6062 24.8665 25.1585 25.4764 25.8079 26.1391 26.4537 26.7173 26.8975 26.9734 26.9605 26.8779 26.7561 26.6063 26.4343 26.2424 26.0411 25.8306 25.6299 25.4596 25.3425 25.2853 25.2846 25.3185 25.3752 25.4557 25.568 25.7183 25.8983 26.0872 26.2614 26.3975
25.4949 25.6039 25.6774 25.7107 25.7032 25.6672 25.6025 25.526 25.4484 25.355 25.2398 25.121 25.0045 24.9003 24.8156 24.7329 24.6505 24.5643 24.4975 24.4404 24.3994 24.3559 24.3045 24.2522 24.2148 24.1908 24.1748 24.1523 24.1073 24.0612 24.0374 24.0472 24.0988 24.1801 24.2844 24.4201 24.5975 24.8253 25.0963 25.3947 25.7111 26.0416 26.3845 26.7224 27.0193 27.2081 27.2434 27.1627 27.0284 26.8706 26.6998 26.5117 26.3023 26.0828 25.8645 25.6612 25.4918 25.3757 25.3189 25.3144 25.3414 25.3892 25.4601 25.565 25.712 25.8894 26.0741 26.2431 26.3776
25.5693 25.6778 25.7564 25.7923 25.7836 25.7457 25.6873 25.624 25.56 25.4813 25.3574 25.2226 25.0925 24.9871 24.8966 24.8181 24.7286 24.6455 24.5802 24.5356 24.5052 24.4775 24.4156 24.3505 24.3089 24.2928 24.2957 24.2888 24.2292 24.1703 24.1469 24.1714 24.247 24.3492 24.4421 24.5654 24.7421 24.9758 25.2581 25.5678 25.8751 26.2008 26.5537 26.9268 27.2921 27.5314 27.4891 27.315 27.1261 26.9414 26.7664 26.5789 26.3564 26.1194 25.897 25.6955 25.5215 25.3996 25.3601 25.3647 25.3932 25.4309 25.4778 25.5592 25.7119 25.8948 26.0746 26.2407 26.3769
25.6258 25.7308 25.808 25.855 25.8219 25.7804 25.7158 25.6548 25.6056 25.5695 25.4019 25.254 25.1208 25.0142 24.927 24.8557 24.7576 24.6733 24.6087 24.5696 24.5505 24.5656 24.459 24.3809 24.3346 24.3221 24.3398 24.3935 24.2747 24.1987 24.173 24.2045 24.2979 24.4601 24.5044 24.6174 24.7961 25.0366 25.3309 25.6745 25.9498 26.2615 26.6116 26.9963 27.4128 27.8605 27.5926 27.35 27.1327 26.9385 26.7698 26.625 26.3694 26.1342 25.9206 25.7291 25.5615 25.4107 25.4203 25.4435 25.4747 25.5093 25.5366 25.5516 25.747 25.9225 26.0864 26.2365 26.3746
25.6671 25.7634 25.8265 25.845 25.8201 25.7671 25.6972 25.6238 25.5563 25.4722 25.3463 25.2138 25.0907 24.9856 24.8939 24.8126 24.7256 24.6513 24.587 24.5366 24.5056 24.4723 24.4055 24.34 24.2937 24.2718 24.2681 24.2577 24.1994 24.1374 24.1123 24.136 24.2141 24.3258 24.4302 24.5655 24.7588 25.0044 25.2926 25.6044 25.9031 26.2097 26.5405 26.8891 27.2296 27.4512 27.3953 27.2174 27.0263 26.8468 26.6819 26.5113 26.3124 26.1143 25.9306 25.7713 25.638 25.5476 25.529 25.5554 25.5935 25.6369 25.6739 25.7367 25.8516 25.9841 26.1091 26.2207 26.3225
25.7039 25.7759 25.8182 25.8233 25.7881 25.7217 25.6376 25.54 25.444 25.3432 25.2275 25.1145 25.0008 24.9061 24.8212 24.7428 24.6606 24.5879 24.5181 24.4606 24.4091 24.3561 24.2968 24.244 24.1997 24.1652 24.1371 24.0999 24.0487 24.0008 23.9773 23.9877 24.0442 24.1366 24.2595 24.4256 24.6395 24.8957 25.1807 25.4781 25.7708 26.0645 26.3625 26.6524 26.9017 27.0507 27.0556 26.963 26.8296 26.6784 26.5273 26.3749 26.2147 26.0633 25.9271 25.8078 25.7159 25.6642 25.658 25.6873 25.7367 25.7951 25.854 25.9195 25.9923 26.0667 26.1343 26.1949 26.2481
25.7198 25.7829 25.8056 25.795 25.7394 25.6531 25.5433 25.4186 25.2991 25.1862 25.0789 24.9775 24.8865 24.8013 24.7258 24.6509 24.5788 24.5053 24.4351 24.3611 24.2917 24.2254 24.171 24.1228 24.0815 24.0353 23.9841 23.9316 23.8764 23.8289 23.7952 23.7897 23.8192 23.9015 24.0385 24.2308 24.4674 24.7363 25.0222 25.3117 25.5964 25.8713 26.1272 26.3603 26.5435 26.6596 26.6969 26.6639 26.5797 26.4678 26.3364 26.2112 26.0958 25.9947 25.9047 25.8324 25.7803 25.7609 25.7754 25.8166 25.8852 25.9657 26.0424 26.1037 26.1428 26.1566 26.162 26.1625 26.1691
25.7245 25.7734 25.7841 25.7546 25.6782 25.564 25.4226 25.27 25.1253 24.9966 24.901 24.8248 24.7567 24.6866 24.6193 24.5512 24.4938 24.4274 24.3539 24.2624 24.1686 24.0897 24.0392 24.0042 23.965 23.9048 23.8339 23.7623 23.7002 23.6447 23.5982 23.5649 23.5633 23.6265 23.7773 23.9952 24.256 24.541 24.8356 25.1223 25.3939 25.6396 25.8548 26.0404 26.1846 26.2833 26.3441 26.3572 26.3172 26.2361 26.1347 26.0373 25.9666 25.9175 25.8749 25.8401 25.8264 25.8361 25.8703 25.933 26.0205 26.127 26.2311 26.2963 26.2962 26.2488 26.188 26.1277 26.0804
25.7151 25.7458 25.7543 25.7109 25.6041 25.4548 25.2847 25.1034 24.9238 24.7802 24.709 24.6672 24.6273 24.5753 24.5133 24.4543 24.4134 24.3656 24.2945 24.1909 24.0607 23.9541 23.9217 23.9107 23.8753 23.8055 23.7091 23.6084 23.5395 23.4774 23.4098 23.3438 23.2935 23.3171 23.4906 23.745 24.0328 24.3352 24.6393 24.9303 25.1813 25.4022 25.5916 25.7436 25.8493 25.9295 26.0204 26.08 26.0816 26.033 25.9432 25.8594 25.8396 25.8417 25.8432 25.8487 25.8606 25.8917 25.9387 26.0154 26.1231 26.2576 26.4052 26.4979 26.4387 26.3217 26.1993 26.0842 25.9801
25.6769 25.6923 25.6927 25.665 25.5009 25.3252 25.1329 24.9308 24.7319 24.5354 24.5327 24.5277 24.5197 24.4923 24.4426 24.3628 24.3777 24.3506 24.2838 24.1762 24.023 23.8268 23.876 23.8819 23.8455 23.7674 23.6434 23.4744 23.4313 23.3598 23.2662 23.1682 23.0688 22.9771 23.2383 23.5207 23.8192 24.1253 24.4376 24.7507 24.9717 25.1774 25.3544 25.49 25.5738 25.5989 25.7665 25.8669 25.9035 25.881 25.8045 25.6824 25.7544 25.7994 25.8224 25.8447 25.8773 25.9253 25.9736 26.0556 26.166 26.3163 26.4978 26.7128 26.514 26.3421 26.1861 26.0429 25.8998
25.6043 25.6074 25.5799 25.5035 25.3553 25.171 24.9732 24.77 24.5852 24.4519 24.4103 24.4205 24.4395 24.4466 24.4371 24.4219 24.417 24.3991 24.3393 24.2392 24.1118 24.0014 23.9661 23.9469 23.8962 23.8052 23.6756 23.5371 23.4238 23.3128 23.1872 23.0654 22.9637 22.9507 23.1034 23.3452 23.6272 23.924 24.2264 24.5126 24.759 24.9711 25.1536 25.2977 25.407 25.504 25.6296 25.7371 25.799 25.8094 25.7815 25.7469 25.7655 25.7988 25.824 25.8446 25.8718 25.9114 25.9637 26.0427 26.1496 26.2792 26.4124 26.4978 26.4263 26.2884 26.1483 26.0138 25.8905
25.5125 25.4897 25.4393 25.3417 25.1951 25.0098 24.8046 24.6097 24.4422 24.3363 24.304 24.3298 24.3755 24.4332 24.4778 24.5079 24.5164 24.4989 24.4439 24.3691 24.2746 24.1927 24.1332 24.0787 24.0117 23.9131 23.784 23.6401 23.4861 23.3258 23.1638 23.0172 22.9145 22.9036 23.0109 23.2109 23.4648 23.746 24.0319 24.3098 24.5674 24.7966 24.9979 25.1678 25.3097 25.4388 25.5668 25.68 25.7646 25.8096 25.8227 25.8242 25.8298 25.8371 25.8405 25.8411 25.8519 25.8797 25.9223 25.9888 26.0706 26.1694 26.2565 26.3 26.2683 26.1888 26.0892 25.9902 25.9065
25.3837 25.3533 25.2932 25.1857 25.032 24.8351 24.6281 24.4253 24.2701 24.1767 24.1696 24.2247 24.3273 24.4377 24.5439 24.6128 24.6435 24.6267 24.5859 24.5249 24.4587 24.3874 24.3215 24.2479 24.1683 24.0649 23.9368 23.7759 23.5899 23.3799 23.1724 22.9888 22.8614 22.8311 22.9153 23.0915 23.3298 23.5942 23.8672 24.143 24.4126 24.6663 24.8932 25.0859 25.2528 25.4042 25.5474 25.6797 25.7859 25.8629 25.9053 25.9243 25.9195 25.8995 25.8719 25.845 25.8246 25.8307 25.8613 25.9069 25.9727 26.0397 26.0898 26.1176 26.1158 26.077 26.0253 25.9661 25.9117
25.2525 25.2202 25.151 25.0369 24.8754 24.677 24.4537 24.2408 24.066 23.9737 24.0035 24.1214 24.2854 24.4661 24.6276 24.7436 24.7914 24.783 24.7466 24.7025 24.644 24.5852 24.52 24.4501 24.3614 24.2599 24.1275 23.9539 23.7317 23.4784 23.2159 22.9791 22.8008 22.7351 22.813 22.9956 23.2322 23.4883 23.7456 24.0149 24.305 24.5873 24.8398 25.053 25.2337 25.3964 25.5594 25.7102 25.8388 25.9428 26.014 26.0422 26.0231 25.9702 25.9037 25.839 25.7865 25.7634 25.7808 25.823 25.8667 25.9043 25.9323 25.9514 25.9707 25.9806 25.9686 25.9417 25.9172
25.1072 25.0724 25.0059 24.8965 24.7302 24.5206 24.291 24.0544 23.8338 23.7206 23.8153 24.015 24.2454 24.4851 24.7175 24.8937 24.9436 24.933 24.9024 24.8681 24.8255 24.7753 24.718 24.652 24.5669 24.4667 24.3418 24.1675 23.9057 23.598 23.2875 22.9913 22.7392 22.615 22.7213 22.9435 23.1962 23.4456 23.6807 23.9356 24.2602 24.5814 24.8594 25.0793 25.2575 25.4181 25.599 25.7715 25.9182 26.0398 26.1364 26.1803 26.1315 26.0378 25.9352 25.833 25.7373 25.6784 25.6952 25.741 25.7806 25.801 25.7957 25.7989 25.8465 25.9026 25.9318 25.937 25.9258
24.9429 24.9072 24.8527 24.7698 24.5855 24.3761 24.1472 23.9037 23.6563 23.4123 23.6713 23.9333 24.2073 24.486 24.7716 25.0684 25.0534 25.036 25.0249 25.0105 24.9894 24.9605 24.909 24.8428 24.7616 24.6671 24.5521 24.4211 24.0768 23.7293 23.3876 23.0566 22.7465 22.4591 22.7052 22.9713 23.2453 23.5031 23.7234 23.8928 24.3131 24.669 24.9631 25.1867 25.3505 25.4595 25.6814 25.8616 26.0114 26.1345 26.2416 26.3406 26.2115 26.0843 25.9587 25.8335 25.7084 25.578 25.6421 25.6972 25.7306 25.74 25.7185 25.6556 25.7838 25.8739 25.9227 25.9438 25.9482
24.7502 24.7242 24.6736 24.5786 24.423 24.235 24.028 23.8163 23.6264 23.5413 23.6636 23.8965 24.163 24.4421 24.7177 24.9418 25.04 25.0771 25.1011 25.1195 25.1273 25.1169 25.0806 25.0213 24.9416 24.8387 24.7031 24.5061 24.2078 23.8639 23.5154 23.1856 22.9084 22.768 22.8729 23.1107 23.3866 23.6654 23.9277 24.1997 24.5376 24.8697 25.1481 25.3686 25.5374 25.681 25.8399 25.9874 26.107 26.2025 26.2737 26.2932 26.216 26.0975 25.9724 25.8509 25.7379 25.6629 25.6644 25.6988 25.729 25.7444 25.7419 25.7538 25.82 25.8974 25.9522 25.9777 25.9794
24.5385 24.5193 24.475 24.3878 24.2632 24.1037 23.9201 23.7606 23.64 23.6042 23.6941 23.8777 24.1046 24.3623 24.6151 24.82 24.967 25.0679 25.1408 25.1984 25.236 25.2466 25.2318 25.1835 25.1057 24.9945 24.8368 24.6184 24.3296 23.9947 23.6546 23.3466 23.1152 23.0231 23.1018 23.3105 23.5929 23.9092 24.2243 24.5394 24.8561 25.1469 25.3999 25.6078 25.7756 25.9139 26.0349 26.1307 26.2017 26.2502 26.2722 26.2517 26.1869 26.0871 25.9763 25.8705 25.782 25.7259 25.716 25.7344 25.7584 25.7904 25.819 25.8566 25.9111 25.9657 26.0067 26.0328 26.034
24.3012 24.3007 24.271 24.2039 24.1 23.9642 23.8187 23.6961 23.6161 23.6042 23.6819 23.8302 24.0318 24.2615 24.4924 24.6979 24.8735 25.0226 25.144 25.2465 25.3231 25.3623 25.3619 25.3249 25.2502 25.1392 24.9787 24.7504 24.4587 24.1236 23.786 23.4871 23.2809 23.2046 23.2877 23.5059 23.8196 24.1824 24.5517 24.8963 25.1968 25.4515 25.6747 25.865 26.0246 26.145 26.2241 26.2684 26.2867 26.2842 26.2658 26.2193 26.1482 26.0615 25.9699 25.8854 25.8173 25.7754 25.7633 25.7759 25.8086 25.8585 25.9081 25.9616 26.0127 26.0521 26.0843 26.104 26.1063
24.0424 24.0644 24.06 24.0181 23.9313 23.8146 23.6947 23.5987 23.5401 23.5417 23.6143 23.7505 23.9319 24.143 24.3563 24.5658 24.7652 24.9533 25.1218 25.2708 25.3858 25.456 25.4733 25.4425 25.3779 25.2773 25.1241 24.8992 24.5951 24.247 23.8935 23.5886 23.3696 23.2958 23.4005 23.6605 24.0208 24.4465 24.8822 25.2631 25.5404 25.7496 25.9356 26.1084 26.2643 26.3717 26.404 26.3866 26.3519 26.304 26.2459 26.1789 26.0988 26.0159 25.9379 25.8739 25.8239 25.7959 25.7858 25.8009 25.8443 25.915 25.9945 26.0657 26.1121 26.1408 26.1604 26.1778 26.1889
23.7551 23.8046 23.8311 23.8199 23.7443 23.6391 23.5391 23.4579 23.4089 23.4156 23.4935 23.6282 23.8024 23.9944 24.1965 24.4059 24.632 24.8549 25.0649 25.2541 25.4175 25.526 25.552 25.5255 25.4648 25.3754 25.251 25.0469 24.7197 24.3418 23.967 23.6342 23.3791 23.2809 23.4324 23.7524 24.1686 24.6558 25.1828 25.634 25.8552 25.9855 26.1249 26.2855 26.4607 26.5828 26.5542 26.4639 26.3736 26.2837 26.1977 26.1123 26.03 25.95 25.8804 25.8255 25.7953 25.7817 25.7743 25.7896 25.8431 25.9339 26.0529 26.1546 26.1847 26.1939 26.2114 26.2405 26.273
