gisdata/mazagao/elevation.asc
ncols         775
nrows         511
xllcorner     452742.23554282
yllcorner     9968393.3515236
cellsize      15
NODATA_value  -9999
[rows 300 to 329 of 511, columns 138 to 206 of 775]
23.7786 23.9964 24.2039 24.4009 24.59 24.7635 24.9249 25.0525 25.1716 25.2886 25.3997 25.5127 25.6291 25.6244 25.6287 25.6459 25.672 25.7117 25.7643 25.7433 25.7308 25.7155 25.6921 25.6596 25.6101 25.4046 25.1801 24.9379 24.6854 24.4325 24.1823 24.0034 23.8402 23.6954 23.5825 23.5036 23.4614 23.2734 23.1187 22.9886 22.8769 22.7708 22.6563 22.7569 22.8361 22.8865 22.9026 22.8811 22.8184 23.3378 23.8142 24.2519 24.6488 25.0182 25.3552 25.7881 26.1911 26.5674 26.9103 27.2255 27.508 27.5939 27.6636 27.7257 27.7994 27.8983 28.0339 27.8834 27.7858
23.7716 24.0293 24.2614 24.4771 24.6832 24.87 25.0427 25.1881 25.3163 25.4374 25.5463 25.6486 25.7301 25.7625 25.7749 25.7926 25.8148 25.8488 25.8741 25.8765 25.8722 25.8603 25.8376 25.7985 25.709 25.5448 25.3343 25.0983 24.8507 24.6068 24.3782 24.1827 24.0171 23.8727 23.7591 23.6715 23.5871 23.4658 23.348 23.2487 23.1687 23.1 23.0699 23.1144 23.1863 23.2439 23.2783 23.305 23.4097 23.729 24.1225 24.5114 24.8763 25.2247 25.5761 25.9505 26.3253 26.6818 27.0075 27.2942 27.5109 27.6231 27.6778 27.7122 27.747 27.7867 27.8022 27.7266 27.6376
23.7884 24.0632 24.3171 24.5557 24.7752 24.9774 25.1572 25.3111 25.4427 25.5593 25.6631 25.7515 25.8173 25.8562 25.8789 25.8976 25.9161 25.9391 25.9598 25.9719 25.9765 25.9715 25.9531 25.9094 25.8176 25.6713 25.4783 25.2525 25.0125 24.7771 24.5572 24.3593 24.1839 24.0347 23.9049 23.8013 23.7126 23.6321 23.5643 23.5172 23.4885 23.4779 23.4951 23.5445 23.6134 23.6859 23.7621 23.8518 23.9972 24.2327 24.5275 24.8362 25.1499 25.4685 25.7939 26.127 26.4623 26.7889 27.0856 27.3359 27.5159 27.612 27.6386 27.6279 27.6036 27.5739 27.5287 27.4557 27.381
23.8259 24.1093 24.3787 24.6322 24.8687 25.0841 25.272 25.4292 25.5589 25.6675 25.7599 25.8344 25.8888 25.9252 25.9505 25.9671 25.9845 25.999 26.0178 26.035 26.0498 26.0575 26.0509 26.0148 25.9336 25.797 25.6147 25.3987 25.1687 24.9391 24.7225 24.5239 24.3414 24.1778 24.0335 23.9155 23.8314 23.7844 23.7715 23.785 23.8186 23.8682 23.926 23.9946 24.0711 24.167 24.2809 24.4113 24.5677 24.7481 24.9502 25.1773 25.4314 25.7039 25.991 26.2854 26.5789 26.8698 27.1402 27.3686 27.5195 27.58 27.5597 27.4923 27.4016 27.3079 27.2134 27.13 27.0572
23.881 24.1667 24.4439 24.7108 24.964 25.1924 25.389 25.5439 25.6652 25.7616 25.8438 25.9038 25.9472 25.9774 25.9946 26.0059 26.0171 26.0291 26.0464 26.0681 26.0934 26.1165 26.1295 26.118 26.057 25.9278 25.7467 25.5332 25.3094 25.0855 24.8732 24.6774 24.4952 24.3223 24.1614 24.0248 23.9407 23.9297 23.976 24.0501 24.1453 24.2509 24.3498 24.4325 24.5164 24.6264 24.7744 24.9495 25.1129 25.232 25.3415 25.4823 25.673 25.9034 26.1517 26.4032 26.6567 26.9168 27.1754 27.3962 27.5326 27.546 27.463 27.3247 27.1664 27.0007 26.859 26.7663 26.7021
23.9466 24.2334 24.5184 24.7948 25.0571 25.3049 25.5121 25.6567 25.7653 25.8485 25.9176 25.9657 25.9963 26.0144 26.0243 26.0231 26.0274 26.0334 26.0487 26.0755 26.1089 26.1492 26.1893 26.2151 26.188 26.0559 25.8682 25.658 25.4406 25.2242 25.0163 24.8311 24.6547 24.4797 24.3004 24.1316 24.0263 24.0674 24.1772 24.3086 24.4539 24.6167 24.7582 24.8288 24.8963 25.0142 25.1948 25.4253 25.6211 25.6469 25.641 25.6951 25.8308 26.0314 26.2583 26.4542 26.6589 26.8949 27.1524 27.3984 27.5532 27.4997 27.3388 27.1377 26.9092 26.6707 26.4738 26.395 26.3551
24.0238 24.3092 24.5904 24.8673 25.137 25.398 25.6439 25.7518 25.8471 25.9216 25.9817 26.0176 26.0324 26.0418 26.0357 26.0215 26.0128 26.0094 26.0187 26.0478 26.092 26.1483 26.2074 26.2695 26.328 26.1491 25.9598 25.7627 25.5618 25.3583 25.1517 24.9925 24.8327 24.6635 24.4822 24.2913 24.0868 24.2458 24.3987 24.5548 24.7211 24.9145 25.1467 25.129 25.1706 25.2797 25.4644 25.7308 26.0905 25.8858 25.7791 25.7678 25.8538 26.0289 26.2911 26.3862 26.5512 26.7675 27.0232 27.3006 27.585 27.3778 27.1602 26.923 26.6639 26.3758 26.0587 26.0749 26.0575
24.116 24.3849 24.6601 24.9332 25.1974 25.445 25.6593 25.8045 25.9042 25.9786 26.0359 26.0641 26.0718 26.0613 26.0349 26.0009 25.9735 25.9572 25.9598 25.9902 26.0382 26.1031 26.174 26.2355 26.2461 26.1561 26.013 25.8458 25.672 25.4982 25.3291 25.1764 25.0312 24.8839 24.7288 24.5813 24.4922 24.542 24.6543 24.7864 24.9296 25.0822 25.211 25.2632 25.3058 25.3957 25.5394 25.7229 25.8563 25.8057 25.7121 25.6723 25.7145 25.8359 25.996 26.139 26.3074 26.5202 26.7626 26.9994 27.1425 27.0775 26.9039 26.6889 26.448 26.1937 25.9837 25.8909 25.8401
24.2047 24.4617 24.7264 24.9912 25.2458 25.481 25.6798 25.8335 25.9447 26.0242 26.0808 26.107 26.1042 26.0727 26.0227 25.9617 25.9105 25.874 25.865 25.894 25.9522 26.0263 26.1025 26.1618 26.176 26.1296 26.0356 25.9112 25.7728 25.633 25.4948 25.367 25.2462 25.1308 25.0161 24.92 24.8638 24.8718 24.9267 25.0024 25.0892 25.1767 25.2471 25.2906 25.3274 25.3815 25.4623 25.5453 25.584 25.55 25.4805 25.4327 25.4368 25.502 25.6161 25.7662 25.9511 26.1691 26.3993 26.6019 26.7165 26.7086 26.6002 26.437 26.2482 26.054 25.8875 25.7688 25.6835
24.291 24.535 24.789 25.0456 25.2907 25.5151 25.7062 25.8601 25.9745 26.0571 26.1191 26.1446 26.1325 26.0799 26.001 25.9062 25.8216 25.7562 25.737 25.7678 25.839 25.9288 26.0188 26.0846 26.1151 26.1006 26.0496 25.9639 25.8639 25.7569 25.6507 25.5516 25.4597 25.3792 25.3063 25.2457 25.2058 25.1854 25.1824 25.1962 25.2186 25.2403 25.2583 25.2683 25.2736 25.2841 25.2987 25.3035 25.2823 25.2285 25.1568 25.0912 25.0589 25.0785 25.1617 25.3105 25.5134 25.7474 25.9842 26.1847 26.3084 26.336 26.2818 26.1743 26.0417 25.9053 25.773 25.6572 25.5535
24.3706 24.5999 24.85 25.1001 25.3402 25.5548 25.74 25.8856 25.9963 26.0806 26.1481 26.1816 26.1612 26.0854 25.9674 25.8331 25.7028 25.6058 25.568 25.6106 25.7088 25.8245 25.9365 26.0187 26.0682 26.0824 26.0613 26.0099 25.9424 25.8642 25.7893 25.7182 25.657 25.6116 25.5761 25.5548 25.5247 25.4733 25.4125 25.3607 25.3148 25.2778 25.2435 25.21 25.176 25.138 25.0928 25.0356 24.9643 24.8822 24.7931 24.6999 24.6248 24.5923 24.641 24.797 25.0299 25.2942 25.555 25.7778 25.9267 25.9801 25.9594 25.8966 25.819 25.7361 25.6425 25.5349 25.4274
24.4337 24.6591 24.9107 25.1554 25.3862 25.5956 25.7724 25.902 26.0013 26.0882 26.1543 26.2049 26.1985 26.0862 25.9174 25.7474 25.5795 25.4332 25.3608 25.4402 25.5869 25.7369 25.8689 25.9718 26.0397 26.077 26.0788 26.0541 26.0111 25.9594 25.9055 25.8573 25.8187 25.8018 25.8057 25.825 25.8202 25.7242 25.5974 25.4835 25.3849 25.2912 25.2057 25.1324 25.0603 24.9773 24.8791 24.7633 24.6419 24.5362 24.4284 24.3107 24.1841 24.079 24.069 24.2576 24.5384 24.8348 25.1214 25.3829 25.5728 25.6334 25.6246 25.5976 25.5693 25.5441 25.5031 25.4004 25.2868
24.4847 24.7392 24.985 25.212 25.4284 25.6273 25.8056 25.8986 25.9802 26.0548 26.1163 26.1768 26.2395 26.0381 25.8446 25.6576 25.4708 25.2925 25.1116 25.3139 25.5034 25.6784 25.8289 25.9457 26.029 26.0834 26.1042 26.0974 26.0705 26.0354 25.9977 25.9604 25.9404 25.9392 25.9632 26.0144 26.0966 25.8946 25.7185 25.5654 25.4244 25.287 25.1491 25.0548 24.9458 24.824 24.6808 24.5156 24.3257 24.226 24.1014 23.9585 23.7991 23.6309 23.4532 23.7722 24.085 24.3897 24.686 24.9723 25.2478 25.2541 25.2544 25.2577 25.2721 25.3028 25.359 25.2226 25.1141
24.6866 24.8701 25.0779 25.2762 25.4639 25.6313 25.7675 25.8573 25.9208 25.9773 26.0168 26.0432 26.0187 25.8952 25.7279 25.5593 25.3985 25.2623 25.2078 25.3101 25.4828 25.6582 25.8184 25.9488 26.0444 26.1078 26.1373 26.1369 26.1185 26.0915 26.0557 26.0284 26.0118 26.0134 26.0317 26.0577 26.0437 25.924 25.7587 25.5966 25.4386 25.2813 25.1294 24.9914 24.8446 24.688 24.5143 24.3254 24.1405 23.9835 23.8351 23.6749 23.5088 23.3616 23.3099 23.4601 23.7093 23.9754 24.2419 24.4952 24.696 24.7897 24.8353 24.8741 24.9195 24.9681 24.9955 24.9577 24.8997
24.8689 25.0191 25.1806 25.3404 25.4918 25.6228 25.7228 25.7899 25.83 25.859 25.868 25.8509 25.8046 25.7072 25.5797 25.4507 25.3369 25.2642 25.2634 25.3511 25.5003 25.6702 25.8365 25.9746 26.0789 26.1448 26.1751 26.175 26.1516 26.1192 26.0849 26.0567 26.0373 26.0279 26.0277 26.0195 25.9767 25.8768 25.7382 25.5841 25.4279 25.2649 25.1002 24.9361 24.7621 24.5765 24.3792 24.1751 23.9783 23.7957 23.6225 23.4556 23.2976 23.1807 23.1463 23.2267 23.3916 23.5947 23.8066 24.0101 24.1789 24.2993 24.387 24.4595 24.5316 24.5951 24.6425 24.6616 24.661
25.0328 25.1554 25.2786 25.3953 25.5103 25.6057 25.6718 25.7073 25.7145 25.709 25.6835 25.645 25.5865 25.5055 25.4124 25.3253 25.2566 25.2368 25.2714 25.3734 25.5227 25.6968 25.8703 26.0188 26.1292 26.1932 26.213 26.2018 26.172 26.1255 26.0839 26.0453 26.0142 25.9931 25.9789 25.952 25.9019 25.8099 25.6862 25.5448 25.3927 25.233 25.0659 24.8875 24.6971 24.4906 24.2735 24.0532 23.8385 23.6415 23.4586 23.2863 23.1312 23.0177 22.9692 23.0041 23.1024 23.2434 23.4002 23.5549 23.6984 23.8272 23.9419 24.045 24.1407 24.2291 24.3074 24.375 24.4314
25.1763 25.2694 25.3537 25.4305 25.5106 25.5788 25.616 25.6125 25.5833 25.5371 25.4797 25.426 25.3618 25.292 25.2238 25.172 25.1501 25.1663 25.2366 25.3619 25.5254 25.7146 25.9073 26.0729 26.1933 26.2478 26.2491 26.2188 26.1666 26.1099 26.0533 25.9975 25.9506 25.9163 25.8873 25.861 25.8096 25.7253 25.6128 25.4852 25.3445 25.1959 25.0331 24.8513 24.6505 24.4289 24.1953 23.9509 23.7195 23.5159 23.3328 23.1566 22.9984 22.8665 22.795 22.791 22.8441 22.9323 23.0341 23.1404 23.2576 23.3886 23.5239 23.6538 23.7725 23.8828 23.9955 24.1126 24.2259
25.2988 25.3559 25.3902 25.429 25.4789 25.5274 25.5464 25.494 25.4143 25.3274 25.2494 25.1813 25.1213 25.0584 25.0092 24.9902 25.0031 25.0565 25.1608 25.3126 25.5028 25.7178 25.9329 26.1288 26.2696 26.3016 26.2643 26.2049 26.1356 26.0601 25.9864 25.9097 25.8385 25.7877 25.7584 25.7405 25.7057 25.6239 25.5151 25.4046 25.2865 25.1554 25.006 24.831 24.6319 24.4017 24.149 23.8787 23.6222 23.4251 23.2519 23.0751 22.9019 22.7414 22.6297 22.5996 22.6218 22.663 22.7126 22.7677 22.8496 22.989 23.1516 23.3055 23.4488 23.5796 23.7173 23.8938 24.0724
25.4062 25.3784 25.3698 25.375 25.3967 25.4273 25.4658 25.3287 25.2009 25.0848 24.9841 24.9064 24.8579 24.7928 24.7652 24.7748 24.8209 24.9089 25.0424 25.2297 25.4477 25.6891 25.9283 26.1538 26.362 26.3169 26.2478 26.1628 26.0689 25.972 25.8853 25.7714 25.6789 25.6137 25.5769 25.5668 25.584 25.4775 25.3878 25.3059 25.2191 25.1182 24.9916 24.835 24.6397 24.4103 24.1503 23.8612 23.5459 23.3984 23.2329 23.0503 22.8638 22.6724 22.4829 22.4638 22.4532 22.4494 22.454 22.4626 22.4767 22.6606 22.8444 23.0238 23.1936 23.3483 23.4807 23.7533 23.9927
25.2873 25.2981 25.281 25.263 25.2522 25.2365 25.1932 25.0756 24.94 24.8026 24.6801 24.5879 24.5224 24.4827 24.4815 24.5226 24.6038 24.7314 24.8992 25.1137 25.3592 25.6274 25.8808 26.1054 26.2445 26.2587 26.19 26.0855 25.963 25.8366 25.7065 25.5813 25.4701 25.3865 25.3353 25.3102 25.2958 25.2584 25.219 25.1854 25.1476 25.0874 24.9964 24.861 24.6805 24.4589 24.2094 23.9377 23.6774 23.4705 23.2854 23.0904 22.8926 22.6974 22.5268 22.4242 22.3543 22.3034 22.2676 22.2554 22.3009 22.4352 22.6175 22.8189 23.0235 23.2292 23.4551 23.7292 24.0075
-9999 -9999 25.1423 25.1066 25.0617 25.0029 24.9173 24.7951 24.6446 24.4856 24.3472 24.2352 24.163 24.14 24.1644 24.2374 24.3566 24.518 24.7208 24.9666 25.2438 25.5342 25.8075 26.0231 26.1538 26.1728 26.1042 25.9805 25.8232 25.6578 25.4963 25.3458 25.2168 25.1134 25.0399 24.9958 24.9854 24.9932 25.0173 25.0482 25.0737 25.0731 25.021 24.9135 24.752 24.5484 24.3117 24.065 23.8237 23.5998 23.3891 23.1831 22.9764 22.7804 22.5996 22.4492 22.321 22.2156 22.1402 22.1099 22.1507 22.2725 22.46 22.6849 22.9311 23.191 23.4764 23.7866 24.1048
-9999 -9999 -9999 -9999 24.8512 24.7628 24.6306 24.5087 24.3433 24.1603 23.9934 23.8586 23.7801 23.7721 23.8286 23.9371 24.0859 24.2763 24.5103 24.7877 25.1003 25.4271 25.728 25.9619 26.0964 26.1035 26.0095 25.8518 25.6582 25.4518 25.2591 25.0812 24.9305 24.8047 24.7078 24.6489 24.6449 24.6978 24.7912 24.9024 25.0072 25.0726 25.0733 24.9948 24.8463 24.6546 24.4347 24.2083 23.9762 23.7463 23.5216 23.3047 23.0966 22.8988 22.7058 22.5146 22.3346 22.176 22.0549 21.9943 22.0219 22.1495 22.3599 22.6176 22.9024 23.208 23.5391 23.8978 24.2659
-9999 -9999 -9999 -9999 -9999 -9999 24.3982 24.2385 24.0518 23.842 23.6411 23.4699 23.3749 23.3909 23.4895 23.636 23.8102 24.0164 24.2703 24.5831 24.9396 25.3051 25.6425 25.9244 26.0721 26.0559 25.9136 25.7079 25.4672 25.2225 24.9944 24.7972 24.6285 24.4832 24.3569 24.2748 24.273 24.3752 24.5489 24.7489 24.9451 25.0961 25.1575 25.0979 24.9486 24.758 24.5554 24.3455 24.1285 23.8951 23.6607 23.4397 23.2355 23.0439 22.8445 22.6189 22.3891 22.1772 22.0048 21.8967 21.9019 22.0552 22.3146 22.6178 22.9426 23.2794 23.645 24.0571 24.4862
-9999 -9999 -9999 -9999 -9999 -9999 -9999 -9999 23.7923 23.5576 23.3219 23.0935 22.9545 23.0202 23.1822 23.3649 23.5569 23.7577 24.009 24.3604 24.761 25.1616 25.5519 25.8968 26.0982 26.0229 25.8005 25.5362 25.2565 24.9708 24.7095 24.5079 24.3321 24.1688 24.0168 23.8906 23.8635 24.0371 24.3059 24.5962 24.8803 25.1369 25.2818 25.2071 25.0337 24.8383 24.6434 24.4639 24.2707 24.0288 23.7821 23.561 23.3678 23.1999 23.0159 22.7569 22.4772 22.2208 21.998 21.8244 21.7876 22.0065 22.3475 22.7111 23.0696 23.4165 23.7971 24.2717 24.767
-9999 -9999 -9999 -9999 -9999 -9999 -9999 -9999 -9999 -9999 23.0855 22.8081 22.52 22.746 22.9585 23.1626 23.3608 23.5479 23.7279 24.1589 24.5811 24.9971 25.4064 25.7961 26.176 25.9109 25.6231 25.3319 25.0306 24.7182 24.4081 24.2387 24.0626 23.8967 23.7311 23.5708 23.4152 23.7522 24.0975 24.4407 24.7813 25.1181 25.4507 25.2472 25.0455 24.8522 24.6711 24.5208 24.4019 24.1106 23.8577 23.6433 23.4658 23.328 23.2253 22.89 22.5847 22.3131 22.0717 21.8567 21.6702 22.0851 22.5082 22.9243 23.3203 23.6779 23.9867 24.5832 25.123
-9999 -9999 -9999 -9999 -9999 -9999 -9999 -9999 -9999 -9999 -9999 -9999 22.6048 22.683 22.8554 23.0457 23.2431 23.4416 23.6891 24.0305 24.4217 24.8053 25.1742 25.4949 25.682 25.5913 25.3599 25.0873 24.798 24.5036 24.2359 24.0266 23.8462 23.6828 23.5336 23.4203 23.4148 23.6243 23.9415 24.2853 24.6253 24.9349 25.1341 25.1008 24.9547 24.7894 24.622 24.4707 24.308 24.0937 23.8746 23.6817 23.5149 23.3705 23.2071 22.9651 22.7016 22.4588 22.257 22.1135 22.1238 22.4043 22.8248 23.2726 23.7136 24.1318 24.5605 25.0632 25.5665
-9999 -9999 -9999 -9999 -9999 -9999 -9999 -9999 -9999 -9999 -9999 -9999 -9999 -9999 22.839 22.9976 23.1845 23.3937 23.6417 23.9428 24.2698 24.596 24.8963 25.1283 25.2462 25.2019 25.039 24.8168 24.5606 24.2983 24.0566 23.8453 23.6707 23.5195 23.3989 23.3367 23.3778 23.5535 23.8234 24.1342 24.4424 24.7086 24.8652 24.8856 24.8014 24.6704 24.5126 24.3597 24.1996 24.0261 23.8525 23.6914 23.5347 23.3899 23.2269 23.0387 22.8395 22.6595 22.5201 22.4664 22.5613 22.8379 23.2513 23.7269 24.2215 24.7042 25.1764 25.6407 26.0763
-9999 -9999 -9999 -9999 -9999 -9999 -9999 -9999 -9999 -9999 -9999 -9999 -9999 -9999 -9999 -9999 23.166 23.3617 23.5758 23.8512 24.1199 24.3872 24.6162 24.7878 24.8688 24.8421 24.7209 24.5431 24.3211 24.0941 23.8774 23.6826 23.5234 23.3892 23.2941 23.2526 23.3071 23.4693 23.7121 23.9947 24.2731 24.508 24.6509 24.6867 24.632 24.522 24.3774 24.2281 24.0823 23.946 23.817 23.6925 23.5621 23.429 23.2947 23.1566 23.0204 22.9004 22.8203 22.8276 22.9726 23.2825 23.7284 24.2522 24.8025 25.3403 25.8311 26.2581 26.618
-9999 -9999 -9999 -9999 -9999 -9999 -9999 -9999 -9999 -9999 -9999 -9999 -9999 -9999 -9999 -9999 -9999 -9999 23.5446 23.761 23.9805 24.1935 24.366 24.4934 24.5508 24.5301 24.4355 24.2916 24.1002 23.8963 23.7018 23.5363 23.4002 23.2824 23.1956 23.1571 23.2103 23.3669 23.6051 23.8706 24.1387 24.3585 24.4946 24.5292 24.4797 24.3756 24.2363 24.0945 23.9658 23.8719 23.796 23.7175 23.619 23.5128 23.4113 23.3297 23.2587 23.1939 23.1558 23.1795 23.3518 23.713 24.2236 24.8103 25.424 26.016 26.5236 26.8961 27.1698
-9999 -9999 -9999 -9999 -9999 -9999 -9999 -9999 -9999 -9999 -9999 -9999 -9999 -9999 -9999 -9999 -9999 -9999 -9999 -9999 23.8552 24.0245 24.1532 24.2472 24.287 24.2674 24.1951 24.0754 23.91 23.7232 23.544 23.4156 23.3128 23.2116 23.1286 23.0706 23.0929 23.2653 23.515 23.7836 24.0343 24.2563 24.4009 24.417 24.3528 24.2436 24.1136 23.97 23.8564 23.826 23.8156 23.7904 23.7378 23.6556 23.5822 23.5746 23.581 23.5682 23.5442 23.5461 23.6898 24.1324 24.7339 25.3822 26.0499 26.7079 27.2521 27.5321 27.6882
